2 337.245 
3 240.484 
4 184.206 
5 146.489 
6 119.596 
7 99.578 
8 84.1863 
9 72.0919 
10 62.3362 
11 54.3576 
12 47.9637 
13 42.5582 
14 38.1548 
15 34.6628 
16 31.6439 
17 29.1311 
18 27.2475 
19 25.9954 
20 25.2294 
21 24.7173 
22 24.4416 
23 24.4373 
24 24.7162 
25 25.2621 
26 26.0417 
27 27.0522 
28 28.2907 
29 29.74 
30 31.3672 
31 33.1335 
32 35.0345 
33 37.0739 
34 39.2533 
35 41.5716 
36 44.0248 
37 46.6061 
38 49.3051 
39 52.1077 
40 54.9961 
41 57.9521 
42 60.9692 
43 64.0444 
44 67.1743 
45 70.3551 
46 73.5833 
47 76.8546 
48 80.165 
49 83.51 
50 86.8849 
51 90.285 
52 93.7064 
53 97.1451 
54 100.597 
55 104.059 
56 107.526 
57 110.995 
58 114.462 
59 117.922 
60 121.373 
61 124.81 
62 128.229 
63 131.629 
64 135.007 
65 138.359 
66 141.684 
67 144.98 
68 148.244 
69 151.475 
70 154.67 
71 157.83 
72 160.951 
73 164.032 
74 167.071 
75 170.067 
76 173.016 
77 175.919 
78 178.775 
79 181.581 
80 184.337 
81 187.043 
82 189.697 
83 192.299 
84 194.846 
85 197.339 
86 199.777 
87 202.158 
88 204.483 
89 206.751 
90 208.963 
91 211.117 
92 213.214 
93 215.254 
94 217.235 
95 219.159 
96 221.024 
97 222.831 
98 224.579 
99 226.271 
100 227.905 
101 229.482 
102 231.003 
103 232.467 
104 233.873 
105 235.222 
106 236.514 
107 237.749 
108 238.927 
109 240.048 
110 241.113 
111 242.121 
112 243.074 
113 243.972 
114 244.815 
115 245.604 
116 246.34 
117 247.024 
118 247.656 
119 248.238 
120 248.77 
121 249.255 
122 249.691 
123 250.079 
124 250.421 
125 250.716 
126 250.965 
127 251.168 
128 251.326 
129 251.44 
130 251.51 
131 251.536 
132 251.52 
133 251.462 
134 251.362 
135 251.222 
136 251.042 
137 250.823 
138 250.566 
139 250.272 
140 249.941 
141 249.575 
142 249.174 
143 248.738 
144 248.268 
145 247.766 
146 247.231 
147 246.664 
148 246.066 
149 245.438 
150 244.78 
151 244.092 
152 243.376 
153 242.632 
154 241.861 
155 241.064 
156 240.24 
157 239.392 
158 238.519 
159 237.623 
160 236.703 
161 235.761 
162 234.798 
163 233.813 
164 232.808 
165 231.784 
166 230.74 
167 229.677 
168 228.596 
169 227.497 
170 226.382 
171 225.25 
172 224.102 
173 222.939 
174 221.761 
175 220.568 
176 219.362 
177 218.143 
178 216.911 
179 215.666 
180 214.41 
181 213.142 
182 211.864 
183 210.575 
184 209.277 
185 207.968 
186 206.652 
187 205.326 
188 203.993 
189 202.652 
190 201.304 
191 199.949 
192 198.588 
193 197.221 
194 195.849 
195 194.471 
196 193.088 
197 191.701 
198 190.31 
199 188.915 
200 187.516 
201 186.114 
202 184.708 
203 183.301 
204 181.891 
205 180.479 
206 179.066 
207 177.651 
208 176.237 
209 174.821 
210 173.406 
211 171.991 
212 170.576 
213 169.162 
214 167.75 
215 166.338 
216 164.929 
217 163.521 
218 162.115 
219 160.711 
220 159.309 
221 157.91 
222 156.514 
223 155.121 
224 153.73 
225 152.342 
226 150.957 
227 149.576 
228 148.198 
229 146.823 
230 145.453 
231 144.088 
232 142.726 
233 141.37 
234 140.018 
235 138.672 
236 137.331 
237 135.995 
238 134.665 
239 133.341 
240 132.023 
241 130.711 
242 129.405 
243 128.105 
244 126.812 
245 125.525 
246 124.244 
247 122.97 
248 121.703 
249 120.441 
250 119.186 
251 117.938 
252 116.696 
253 115.461 
254 114.233 
255 113.011 
256 111.798 
257 110.591 
258 109.392 
259 108.2 
260 107.017 
261 105.841 
262 104.672 
263 103.512 
264 102.36 
265 101.216 
266 100.08 
267 98.9524 
268 97.8328 
269 96.7213 
270 95.6181 
271 94.523 
272 93.436 
273 92.3571 
274 91.2862 
275 90.2234 
276 89.1684 
277 88.1214 
278 87.0825 
279 86.0517 
280 85.029 
281 84.0146 
282 83.0084 
283 82.0105 
284 81.021 
285 80.0397 
286 79.0668 
287 78.1022 
288 77.146 
289 76.198 
290 75.2583 
291 74.3268 
292 73.4034 
293 72.4882 
294 71.581 
295 70.6817 
296 69.7903 
297 68.9067 
298 68.0306 
299 67.1622 
300 66.301 
301 65.4472 
302 64.6007 
303 63.7617 
304 62.9301 
305 62.1061 
306 61.2898 
307 60.4812 
308 59.6804 
309 58.8875 
310 58.1024 
311 57.3254 
312 56.5563 
313 55.7953 
314 55.0424 
315 54.2976 
316 53.561 
317 52.8325 
318 52.1122 
319 51.4001 
320 50.6961 
321 50.0004 
322 49.3129 
323 48.6335 
324 47.9623 
325 47.2992 
326 46.6442 
327 45.9973 
328 45.3584 
329 44.7274 
330 44.1044 
331 43.4893 
332 42.8819 
333 42.2823 
334 41.6903 
335 41.1058 
336 40.5289 
337 39.9593 
338 39.3969 
339 38.8417 
340 38.2936 
341 37.7523 
342 37.2178 
343 36.69 
344 36.1686 
345 35.6536 
346 35.1448 
347 34.642 
348 34.145 
349 33.6536 
350 33.1678 
351 32.6872 
352 32.212 
353 31.742 
354 31.2774 
355 30.8182 
356 30.3644 
357 29.9159 
358 29.4729 
359 29.0353 
360 28.6031 
361 28.1763 
362 27.755 
363 27.3391 
364 26.9287 
365 26.5237 
366 26.1241 
367 25.7299 
368 25.3411 
369 24.9577 
370 24.5796 
371 24.2069 
372 23.8396 
373 23.4775 
374 23.1207 
375 22.7691 
376 22.4227 
377 22.0815 
378 21.7454 
379 21.4144 
380 21.0884 
381 20.7673 
382 20.4513 
383 20.1401 
384 19.8337 
385 19.532 
386 19.2351 
387 18.9427 
388 18.655 
389 18.3717 
390 18.0928 
391 17.8182 
392 17.5478 
393 17.2816 
394 17.0195 
395 16.7613 
396 16.507 
397 16.2565 
398 16.0096 
399 15.7663 
400 15.5264 
401 15.2899 
402 15.0567 
403 14.8268 
404 14.6003 
405 14.3771 
406 14.1572 
407 13.9406 
408 13.7273 
409 13.5173 
410 13.3106 
411 13.1071 
412 12.9069 
413 12.7099 
414 12.5162 
415 12.3256 
416 12.1382 
417 11.954 
418 11.773 
419 11.595 
420 11.4201 
421 11.2483 
422 11.0796 
423 10.9138 
424 10.7511 
425 10.5913 
426 10.4344 
427 10.2804 
428 10.1292 
429 9.98081 
430 9.83522 
431 9.69235 
432 9.55217 
433 9.41464 
434 9.2797 
435 9.14732 
436 9.01744 
437 8.89001 
438 8.76499 
439 8.64232 
440 8.52194 
441 8.40381 
442 8.28786 
443 8.17403 
444 8.06227 
445 7.95251 
446 7.84469 
447 7.73874 
448 7.63459 
449 7.53218 
450 7.43143 
451 7.33228 
452 7.23473 
453 7.13875 
454 7.04436 
455 6.95153 
456 6.86027 
457 6.77056 
458 6.68241 
459 6.59579 
460 6.51071 
461 6.42715 
462 6.34511 
463 6.26457 
464 6.18552 
465 6.10795 
466 6.03185 
467 5.95721 
468 5.88401 
469 5.81224 
470 5.74189 
471 5.67294 
472 5.60538 
473 5.53918 
474 5.47434 
475 5.41084 
476 5.34866 
477 5.28779 
478 5.22819 
479 5.16986 
480 5.11278 
481 5.05692 
482 5.00226 
483 4.94878 
484 4.89647 
485 4.84529 
486 4.79522 
487 4.74625 
488 4.69833 
489 4.65146 
490 4.60561 
491 4.56074 
492 4.51683 
493 4.47385 
494 4.43177 
495 4.39058 
496 4.35022 
497 4.31069 
498 4.27193 
499 4.23393 
500 4.19665 
501 4.16006 
502 4.12416 
503 4.08894 
504 4.05439 
505 4.02052 
506 3.98732 
507 3.95479 
508 3.92292 
509 3.89171 
510 3.86115 
511 3.83125 
512 3.80199 
513 3.77336 
514 3.74537 
515 3.71801 
516 3.69128 
517 3.66516 
518 3.63965 
519 3.61475 
520 3.59045 
521 3.56674 
522 3.54362 
523 3.52107 
524 3.49909 
525 3.47768 
526 3.45683 
527 3.43652 
528 3.41676 
529 3.39752 
530 3.37881 
531 3.36062 
532 3.34293 
533 3.32574 
534 3.30903 
535 3.29281 
536 3.27705 
537 3.26175 
538 3.24689 
539 3.23248 
540 3.21849 
541 3.20492 
542 3.19175 
543 3.17897 
544 3.16658 
545 3.15455 
546 3.14289 
547 3.13157 
548 3.12058 
549 3.10991 
550 3.09955 
551 3.08949 
552 3.07972 
553 3.07024 
554 3.06105 
555 3.05214 
556 3.04353 
557 3.0352 
558 3.02715 
559 3.01939 
560 3.01191 
561 3.0047 
562 2.99777 
563 2.99112 
564 2.98474 
565 2.97862 
566 2.97278 
567 2.9672 
568 2.96189 
569 2.95683 
570 2.95204 
571 2.9475 
572 2.94322 
573 2.93918 
574 2.9354 
575 2.93185 
576 2.92856 
577 2.9255 
578 2.92267 
579 2.92008 
580 2.91773 
581 2.91559 
582 2.91368 
583 2.91199 
584 2.91052 
585 2.90926 
586 2.90821 
587 2.90737 
588 2.90673 
589 2.90628 
590 2.90603 
591 2.90597 
592 2.9061 
593 2.90641 
594 2.90689 
595 2.90755 
596 2.90838 
597 2.90937 
598 2.91053 
599 2.91183 
600 2.91329 
601 2.9149 
602 2.91665 
603 2.91854 
604 2.92058 
605 2.92275 
606 2.92506 
607 2.92751 
608 2.9301 
609 2.93282 
610 2.93567 
611 2.93865 
612 2.94176 
613 2.945 
614 2.94837 
615 2.95185 
616 2.95546 
617 2.95919 
618 2.96304 
619 2.967 
620 2.97108 
621 2.97526 
622 2.97956 
623 2.98397 
624 2.98848 
625 2.99309 
626 2.9978 
627 3.00262 
628 3.00753 
629 3.01253 
630 3.01763 
631 3.02281 
632 3.02808 
633 3.03344 
634 3.03887 
635 3.04439 
636 3.04998 
637 3.05565 
638 3.06139 
639 3.06719 
640 3.07306 
641 3.079 
642 3.08499 
643 3.09104 
644 3.09714 
645 3.1033 
646 3.1095 
647 3.11575 
648 3.12204 
649 3.12836 
650 3.13472 
651 3.14112 
652 3.14754 
653 3.154 
654 3.16048 
655 3.16698 
656 3.17351 
657 3.18006 
658 3.18663 
659 3.19321 
660 3.19982 
661 3.20643 
662 3.21306 
663 3.2197 
664 3.22634 
665 3.23299 
666 3.23965 
667 3.24631 
668 3.25297 
669 3.25962 
670 3.26627 
671 3.27291 
672 3.27955 
673 3.28617 
674 3.29278 
675 3.29938 
676 3.30596 
677 3.31251 
678 3.31905 
679 3.32556 
680 3.33204 
681 3.33849 
682 3.34491 
683 3.3513 
684 3.35765 
685 3.36395 
686 3.37022 
687 3.37644 
688 3.38262 
689 3.38874 
690 3.39481 
691 3.40083 
692 3.40679 
693 3.41269 
694 3.41852 
695 3.42429 
696 3.42999 
697 3.43562 
698 3.44117 
699 3.44664 
700 3.45204 
701 3.45735 
702 3.46257 
703 3.46771 
704 3.47276 
705 3.47772 
706 3.4826 
707 3.48738 
708 3.49207 
709 3.49666 
710 3.50116 
711 3.50557 
712 3.50987 
713 3.51408 
714 3.51819 
715 3.52219 
716 3.5261 
717 3.52989 
718 3.53359 
719 3.53717 
720 3.54065 
721 3.54402 
722 3.54727 
723 3.55041 
724 3.55344 
725 3.55636 
726 3.55915 
727 3.56183 
728 3.56439 
729 3.56683 
730 3.56914 
731 3.57133 
732 3.5734 
733 3.57533 
734 3.57714 
735 3.57882 
736 3.58037 
737 3.58178 
738 3.58306 
739 3.5842 
740 3.5852 
741 3.58607 
742 3.58679 
743 3.58737 
744 3.58781 
745 3.5881 
746 3.58825 
747 3.58824 
748 3.58809 
749 3.58778 
750 3.58732 
751 3.5867 
752 3.58593 
753 3.585 
754 3.58391 
755 3.58267 
756 3.58128 
757 3.57973 
758 3.57802 
759 3.57616 
760 3.57414 
761 3.57197 
762 3.56964 
763 3.56716 
764 3.56452 
765 3.56173 
766 3.55878 
767 3.55568 
768 3.55242 
769 3.54901 
770 3.54544 
771 3.54172 
772 3.53785 
773 3.53382 
774 3.52964 
775 3.5253 
776 3.52081 
777 3.51617 
778 3.51137 
779 3.50643 
780 3.50132 
781 3.49607 
782 3.49067 
783 3.48511 
784 3.4794 
785 3.47354 
786 3.46753 
787 3.46137 
788 3.45506 
789 3.4486 
790 3.44199 
791 3.43522 
792 3.42831 
793 3.42126 
794 3.41405 
795 3.4067 
796 3.39919 
797 3.39154 
798 3.38375 
799 3.37581 
800 3.36772 
801 3.35948 
802 3.35111 
803 3.34258 
804 3.33392 
805 3.32512 
806 3.31617 
807 3.30709 
808 3.29787 
809 3.28851 
810 3.27901 
811 3.26939 
812 3.25963 
813 3.24974 
814 3.23971 
815 3.22956 
816 3.21928 
817 3.20888 
818 3.19835 
819 3.18769 
820 3.17692 
821 3.16602 
822 3.155 
823 3.14386 
824 3.13261 
825 3.12124 
826 3.10976 
827 3.09817 
828 3.08646 
829 3.07465 
830 3.06272 
831 3.05069 
832 3.03856 
833 3.02632 
834 3.01399 
835 3.00155 
836 2.98901 
837 2.97638 
838 2.96365 
839 2.95083 
840 2.93792 
841 2.92492 
842 2.91183 
843 2.89865 
844 2.88539 
845 2.87205 
846 2.85862 
847 2.84512 
848 2.83154 
849 2.81788 
850 2.80416 
851 2.79036 
852 2.77649 
853 2.76255 
854 2.74854 
855 2.73447 
856 2.72034 
857 2.70614 
858 2.69189 
859 2.67757 
860 2.6632 
861 2.64878 
862 2.63429 
863 2.61976 
864 2.60518 
865 2.59055 
866 2.57587 
867 2.56114 
868 2.54637 
869 2.53156 
870 2.51671 
871 2.50183 
872 2.4869 
873 2.47194 
874 2.45695 
875 2.44193 
876 2.42688 
877 2.4118 
878 2.3967 
879 2.38157 
880 2.36642 
881 2.35126 
882 2.33607 
883 2.32087 
884 2.30566 
885 2.29044 
886 2.2752 
887 2.25996 
888 2.24472 
889 2.22947 
890 2.21422 
891 2.19898 
892 2.18373 
893 2.16849 
894 2.15326 
895 2.13804 
896 2.12284 
897 2.10764 
898 2.09247 
899 2.07731 
900 2.06217 
901 2.04706 
902 2.03197 
903 2.01691 
904 2.00187 
905 1.98686 
906 1.97188 
907 1.95693 
908 1.94201 
909 1.92712 
910 1.91226 
911 1.89744 
912 1.88265 
913 1.86789 
914 1.85317 
915 1.83849 
916 1.82385 
917 1.80924 
918 1.79468 
919 1.78016 
920 1.76568 
921 1.75124 
922 1.73685 
923 1.72251 
924 1.70821 
925 1.69396 
926 1.67975 
927 1.6656 
928 1.6515 
929 1.63745 
930 1.62345 
931 1.60951 
932 1.59562 
933 1.58179 
934 1.56802 
935 1.55431 
936 1.54065 
937 1.52706 
938 1.51353 
939 1.50006 
940 1.48666 
941 1.47332 
942 1.46004 
943 1.44684 
944 1.43371 
945 1.42064 
946 1.40765 
947 1.39473 
948 1.38188 
949 1.36911 
950 1.35641 
951 1.34379 
952 1.33125 
953 1.31879 
954 1.3064 
955 1.29409 
956 1.28186 
957 1.26971 
958 1.25764 
959 1.24565 
960 1.23374 
961 1.22191 
962 1.21016 
963 1.19849 
964 1.1869 
965 1.1754 
966 1.16397 
967 1.15263 
968 1.14136 
969 1.13018 
970 1.11909 
971 1.10807 
972 1.09714 
973 1.08629 
974 1.07552 
975 1.06484 
976 1.05425 
977 1.04373 
978 1.0333 
979 1.02296 
980 1.0127 
981 1.00252 
982 0.992434 
983 0.98243 
984 0.972512 
985 0.962679 
986 0.952933 
987 0.943273 
988 0.9337 
989 0.924213 
990 0.914814 
991 0.905501 
992 0.896276 
993 0.887139 
994 0.878089 
995 0.869127 
996 0.860253 
997 0.851467 
998 0.84277 
999 0.834162 
1000 0.825642 
1001 0.817212 
1002 0.80887 
1003 0.800616 
1004 0.79245 
1005 0.784371 
1006 0.77638 
1007 0.768475 
1008 0.760657 
1009 0.752925 
1010 0.745278 
1011 0.737717 
1012 0.73024 
1013 0.722847 
1014 0.715539 
1015 0.708313 
1016 0.701171 
1017 0.694111 
1018 0.687133 
1019 0.680237 
1020 0.673421 
1021 0.666686 
1022 0.660032 
1023 0.653456 
1024 0.64696 
1025 0.640543 
1026 0.634203 
1027 0.627941 
1028 0.621755 
1029 0.615647 
1030 0.609614 
1031 0.603656 
1032 0.597773 
1033 0.591964 
1034 0.586228 
1035 0.580566 
1036 0.574975 
1037 0.569457 
1038 0.564009 
1039 0.558632 
1040 0.553325 
1041 0.548087 
1042 0.542918 
1043 0.537817 
1044 0.532782 
1045 0.527815 
1046 0.522913 
1047 0.518076 
1048 0.513304 
1049 0.508596 
1050 0.503951 
1051 0.499368 
1052 0.494847 
1053 0.490388 
1054 0.48599 
1055 0.481653 
1056 0.477377 
1057 0.473161 
1058 0.469005 
1059 0.464908 
1060 0.46087 
1061 0.456891 
1062 0.45297 
1063 0.449107 
1064 0.445301 
1065 0.441553 
1066 0.43786 
1067 0.434225 
1068 0.430644 
1069 0.42712 
1070 0.42365 
1071 0.420234 
1072 0.416872 
1073 0.413564 
1074 0.410309 
1075 0.407107 
1076 0.403956 
1077 0.400857 
1078 0.397809 
1079 0.394812 
1080 0.391865 
1081 0.388968 
1082 0.38612 
1083 0.38332 
1084 0.380568 
1085 0.377864 
1086 0.375207 
1087 0.372597 
1088 0.370032 
1089 0.367513 
1090 0.365038 
1091 0.362608 
1092 0.360222 
1093 0.357879 
1094 0.355578 
1095 0.35332 
1096 0.351102 
1097 0.348926 
1098 0.34679 
1099 0.344693 
1100 0.342635 
1101 0.340616 
1102 0.338635 
1103 0.336692 
1104 0.334786 
1105 0.332917 
1106 0.331086 
1107 0.32929 
1108 0.327531 
1109 0.325808 
1110 0.324121 
1111 0.322469 
1112 0.320851 
1113 0.319269 
1114 0.31772 
1115 0.316206 
1116 0.314725 
1117 0.313277 
1118 0.311862 
1119 0.31048 
1120 0.309129 
1121 0.307811 
1122 0.306524 
1123 0.305268 
1124 0.304042 
1125 0.302847 
1126 0.301682 
1127 0.300547 
1128 0.29944 
1129 0.298362 
1130 0.297313 
1131 0.296292 
1132 0.295298 
1133 0.294331 
1134 0.293391 
1135 0.292477 
1136 0.291589 
1137 0.290727 
1138 0.289889 
1139 0.289076 
1140 0.288288 
1141 0.287523 
1142 0.286781 
1143 0.286062 
1144 0.285366 
1145 0.284692 
1146 0.284039 
1147 0.283407 
1148 0.282795 
1149 0.282204 
1150 0.281632 
1151 0.28108 
1152 0.280546 
1153 0.280032 
1154 0.279536 
1155 0.279059 
1156 0.278601 
1157 0.278161 
1158 0.27774 
1159 0.277337 
1160 0.276953 
1161 0.276586 
1162 0.276238 
1163 0.275908 
1164 0.275595 
1165 0.275301 
1166 0.275024 
1167 0.274764 
1168 0.274522 
1169 0.274297 
1170 0.27409 
1171 0.273899 
1172 0.273726 
1173 0.273569 
1174 0.273429 
1175 0.273306 
1176 0.273199 
1177 0.273109 
1178 0.273035 
1179 0.272977 
1180 0.272934 
1181 0.272908 
1182 0.272898 
1183 0.272903 
1184 0.272924 
1185 0.27296 
1186 0.273011 
1187 0.273078 
1188 0.273159 
1189 0.273255 
1190 0.273366 
1191 0.273492 
1192 0.273632 
1193 0.273786 
1194 0.273954 
1195 0.274136 
1196 0.274332 
1197 0.274542 
1198 0.274765 
1199 0.275002 
1200 0.275251 
1201 0.275514 
1202 0.27579 
1203 0.276079 
1204 0.27638 
1205 0.276695 
1206 0.277021 
1207 0.27736 
1208 0.277712 
1209 0.278076 
1210 0.278452 
1211 0.27884 
1212 0.27924 
1213 0.279651 
1214 0.280075 
1215 0.28051 
1216 0.280956 
1217 0.281414 
1218 0.281883 
1219 0.282364 
1220 0.282855 
1221 0.283357 
1222 0.28387 
1223 0.284394 
1224 0.284928 
1225 0.285472 
1226 0.286027 
1227 0.286592 
1228 0.287168 
1229 0.287753 
1230 0.288347 
1231 0.288952 
1232 0.289566 
1233 0.290189 
1234 0.290822 
1235 0.291464 
1236 0.292114 
1237 0.292774 
1238 0.293443 
1239 0.29412 
1240 0.294805 
1241 0.295499 
1242 0.296201 
1243 0.296911 
1244 0.297629 
1245 0.298354 
1246 0.299087 
1247 0.299828 
1248 0.300576 
1249 0.301331 
1250 0.302093 
1251 0.302863 
1252 0.303638 
1253 0.30442 
1254 0.305209 
1255 0.306003 
1256 0.306804 
1257 0.30761 
1258 0.308421 
1259 0.309238 
1260 0.31006 
1261 0.310887 
1262 0.311718 
1263 0.312554 
1264 0.313394 
1265 0.314238 
1266 0.315086 
1267 0.315937 
1268 0.316792 
1269 0.31765 
1270 0.31851 
1271 0.319374 
1272 0.32024 
1273 0.321108 
1274 0.321978 
1275 0.32285 
1276 0.323724 
1277 0.324598 
1278 0.325474 
1279 0.326351 
1280 0.327229 
1281 0.328106 
1282 0.328984 
1283 0.329862 
1284 0.33074 
1285 0.331617 
1286 0.332493 
1287 0.333368 
1288 0.334242 
1289 0.335114 
1290 0.335985 
1291 0.336853 
1292 0.337719 
1293 0.338582 
1294 0.339443 
1295 0.340301 
1296 0.341155 
1297 0.342005 
1298 0.342852 
1299 0.343695 
1300 0.344533 
1301 0.345367 
1302 0.346196 
1303 0.34702 
1304 0.347838 
1305 0.348652 
1306 0.34946 
1307 0.350263 
1308 0.351061 
1309 0.351852 
1310 0.352638 
1311 0.353417 
1312 0.354191 
1313 0.354958 
1314 0.355719 
1315 0.356473 
1316 0.357221 
1317 0.357961 
1318 0.358695 
1319 0.359422 
1320 0.360141 
1321 0.360853 
1322 0.361557 
1323 0.362254 
1324 0.362942 
1325 0.363623 
1326 0.364295 
1327 0.364959 
1328 0.365615 
1329 0.366262 
1330 0.3669 
1331 0.36753 
1332 0.36815 
1333 0.368761 
1334 0.369363 
1335 0.369955 
1336 0.370537 
1337 0.37111 
1338 0.371673 
1339 0.372225 
1340 0.372767 
1341 0.373299 
1342 0.37382 
1343 0.37433 
1344 0.374829 
1345 0.375317 
1346 0.375794 
1347 0.376259 
1348 0.376713 
1349 0.377154 
1350 0.377584 
1351 0.378002 
1352 0.378408 
1353 0.378801 
1354 0.379182 
1355 0.379551 
1356 0.379907 
1357 0.38025 
1358 0.380581 
1359 0.3809 
1360 0.381205 
1361 0.381498 
1362 0.381778 
1363 0.382045 
1364 0.382299 
1365 0.38254 
1366 0.382768 
1367 0.382982 
1368 0.383184 
1369 0.383372 
1370 0.383546 
1371 0.383707 
1372 0.383855 
1373 0.383989 
1374 0.384109 
1375 0.384216 
1376 0.384308 
1377 0.384387 
1378 0.384452 
1379 0.384502 
1380 0.384539 
1381 0.384561 
1382 0.38457 
1383 0.384563 
1384 0.384543 
1385 0.384508 
1386 0.384458 
1387 0.384394 
1388 0.384315 
1389 0.384222 
1390 0.384113 
1391 0.38399 
1392 0.383851 
1393 0.383698 
1394 0.38353 
1395 0.383346 
1396 0.383147 
1397 0.382933 
1398 0.382703 
1399 0.382458 
1400 0.382197 
1401 0.381921 
1402 0.381629 
1403 0.381321 
1404 0.380998 
1405 0.38066 
1406 0.380305 
1407 0.379936 
1408 0.379551 
1409 0.37915 
1410 0.378734 
1411 0.378303 
1412 0.377856 
1413 0.377394 
1414 0.376917 
1415 0.376424 
1416 0.375916 
1417 0.375393 
1418 0.374855 
1419 0.374302 
1420 0.373733 
1421 0.373149 
1422 0.372551 
1423 0.371937 
1424 0.371308 
1425 0.370664 
1426 0.370006 
1427 0.369332 
1428 0.368644 
1429 0.367941 
1430 0.367222 
1431 0.36649 
1432 0.365742 
1433 0.36498 
1434 0.364203 
1435 0.363411 
1436 0.362605 
1437 0.361784 
1438 0.360949 
1439 0.360099 
1440 0.359235 
1441 0.358357 
1442 0.357464 
1443 0.356556 
1444 0.355635 
1445 0.354699 
1446 0.353749 
1447 0.352785 
1448 0.351807 
1449 0.350814 
1450 0.349808 
1451 0.348788 
1452 0.347754 
1453 0.346706 
1454 0.345645 
1455 0.344571 
1456 0.343483 
1457 0.342383 
1458 0.341271 
1459 0.340146 
1460 0.339008 
1461 0.337859 
1462 0.336698 
1463 0.335526 
1464 0.334342 
1465 0.333147 
1466 0.331941 
1467 0.330724 
1468 0.329497 
1469 0.32826 
1470 0.327012 
1471 0.325755 
1472 0.324488 
1473 0.323212 
1474 0.321927 
1475 0.320633 
1476 0.31933 
1477 0.318018 
1478 0.316698 
1479 0.315371 
1480 0.314035 
1481 0.312692 
1482 0.311342 
1483 0.309984 
1484 0.30862 
1485 0.307249 
1486 0.305872 
1487 0.304489 
1488 0.303099 
1489 0.301705 
1490 0.300304 
1491 0.298899 
1492 0.297489 
1493 0.296074 
1494 0.294655 
1495 0.293231 
1496 0.291804 
1497 0.290373 
1498 0.288939 
1499 0.287501 
1500 0.286061 
1501 0.284618 
1502 0.283173 
1503 0.281726 
1504 0.280276 
1505 0.278824 
1506 0.27737 
1507 0.275915 
1508 0.274457 
1509 0.272999 
1510 0.271539 
1511 0.270077 
1512 0.268615 
1513 0.267152 
1514 0.265687 
1515 0.264222 
1516 0.262757 
1517 0.261291 
1518 0.259825 
1519 0.258359 
1520 0.256893 
1521 0.255427 
1522 0.253961 
1523 0.252496 
1524 0.251031 
1525 0.249567 
1526 0.248104 
1527 0.246642 
1528 0.245182 
1529 0.243722 
1530 0.242264 
1531 0.240808 
1532 0.239354 
1533 0.237902 
1534 0.236451 
1535 0.235003 
1536 0.233558 
1537 0.232115 
1538 0.230674 
1539 0.229237 
1540 0.227803 
1541 0.226372 
1542 0.224944 
1543 0.22352 
1544 0.2221 
1545 0.220683 
1546 0.21927 
1547 0.217862 
1548 0.216458 
1549 0.215059 
1550 0.213664 
1551 0.212274 
1552 0.210889 
1553 0.209509 
1554 0.208133 
1555 0.206763 
1556 0.205398 
1557 0.204039 
1558 0.202684 
1559 0.201335 
1560 0.199991 
1561 0.198652 
1562 0.197319 
1563 0.195991 
1564 0.194669 
1565 0.193352 
1566 0.192041 
1567 0.190736 
1568 0.189436 
1569 0.188143 
1570 0.186855 
1571 0.185573 
1572 0.184297 
1573 0.183027 
1574 0.181763 
1575 0.180505 
1576 0.179253 
1577 0.178008 
1578 0.176769 
1579 0.175536 
1580 0.174309 
1581 0.173089 
1582 0.171876 
1583 0.170669 
1584 0.169469 
1585 0.168275 
1586 0.167088 
1587 0.165908 
1588 0.164735 
1589 0.163569 
1590 0.162409 
1591 0.161257 
1592 0.160112 
1593 0.158974 
1594 0.157843 
1595 0.156719 
1596 0.155603 
1597 0.154494 
1598 0.153392 
1599 0.152298 
1600 0.151211 
1601 0.150132 
1602 0.149061 
1603 0.147997 
1604 0.146941 
1605 0.145892 
1606 0.144851 
1607 0.143818 
1608 0.142792 
1609 0.141774 
1610 0.140763 
1611 0.13976 
1612 0.138764 
1613 0.137776 
1614 0.136796 
1615 0.135823 
1616 0.134857 
1617 0.133899 
1618 0.132949 
1619 0.132006 
1620 0.13107 
1621 0.130142 
1622 0.129222 
1623 0.128309 
1624 0.127403 
1625 0.126505 
1626 0.125615 
1627 0.124732 
1628 0.123856 
1629 0.122988 
1630 0.122127 
1631 0.121274 
1632 0.120428 
1633 0.119589 
1634 0.118758 
1635 0.117935 
1636 0.117118 
1637 0.116309 
1638 0.115508 
1639 0.114713 
1640 0.113926 
1641 0.113147 
1642 0.112375 
1643 0.11161 
1644 0.110852 
1645 0.110102 
1646 0.109359 
1647 0.108623 
1648 0.107894 
1649 0.107173 
1650 0.106459 
1651 0.105752 
1652 0.105052 
1653 0.10436 
1654 0.103675 
1655 0.102997 
1656 0.102326 
1657 0.101662 
1658 0.101005 
1659 0.100356 
1660 0.0997131 
1661 0.0990776 
1662 0.0984491 
1663 0.0978276 
1664 0.0972132 
1665 0.0966057 
1666 0.0960052 
1667 0.0954116 
1668 0.0948249 
1669 0.0942452 
1670 0.0936723 
1671 0.0931062 
1672 0.0925471 
1673 0.0919947 
1674 0.0914491 
1675 0.0909103 
1676 0.0903782 
1677 0.0898529 
1678 0.0893343 
1679 0.0888224 
1680 0.0883172 
1681 0.0878186 
1682 0.0873266 
1683 0.0868412 
1684 0.0863624 
1685 0.0858901 
1686 0.0854244 
1687 0.0849652 
1688 0.0845125 
1689 0.0840662 
1690 0.0836264 
1691 0.0831929 
1692 0.0827659 
1693 0.0823452 
1694 0.0819309 
1695 0.0815229 
1696 0.0811211 
1697 0.0807256 
1698 0.0803364 
1699 0.0799534 
1700 0.0795765 
1701 0.0792058 
1702 0.0788412 
1703 0.0784827 
1704 0.0781302 
1705 0.0777838 
1706 0.0774432 
1707 0.0771086 
1708 0.0767799 
1709 0.0764569 
1710 0.0761398 
1711 0.0758284 
1712 0.0755227 
1713 0.0752227 
1714 0.0749283 
1715 0.0746394 
1716 0.0743561 
1717 0.0740782 
1718 0.0738058 
1719 0.0735388 
1720 0.0732771 
1721 0.0730207 
1722 0.0727696 
1723 0.0725237 
1724 0.072283 
1725 0.0720473 
1726 0.0718167 
1727 0.0715912 
1728 0.0713706 
1729 0.071155 
1730 0.0709442 
1731 0.0707383 
1732 0.0705371 
1733 0.0703407 
1734 0.0701489 
1735 0.0699618 
1736 0.0697793 
1737 0.0696013 
1738 0.0694278 
1739 0.0692587 
1740 0.0690941 
1741 0.0689337 
1742 0.0687776 
1743 0.0686258 
1744 0.0684781 
1745 0.0683345 
1746 0.0681951 
1747 0.0680596 
1748 0.0679281 
1749 0.0678005 
1750 0.0676768 
1751 0.0675568 
1752 0.0674407 
1753 0.0673283 
1754 0.0672195 
1755 0.0671145 
1756 0.0670131 
1757 0.0669153 
1758 0.066821 
1759 0.0667303 
1760 0.0666431 
1761 0.0665594 
1762 0.0664791 
1763 0.0664022 
1764 0.0663286 
1765 0.0662584 
1766 0.0661914 
1767 0.0661277 
1768 0.0660672 
1769 0.0660099 
1770 0.0659558 
1771 0.0659047 
1772 0.0658567 
1773 0.0658118 
1774 0.0657698 
1775 0.0657308 
1776 0.0656948 
1777 0.0656616 
1778 0.0656312 
1779 0.0656037 
1780 0.0655789 
1781 0.0655568 
1782 0.0655374 
1783 0.0655207 
1784 0.0655066 
1785 0.0654951 
1786 0.0654861 
1787 0.0654795 
1788 0.0654755 
1789 0.0654738 
1790 0.0654745 
1791 0.0654776 
1792 0.0654829 
1793 0.0654905 
1794 0.0655002 
1795 0.0655122 
1796 0.0655262 
1797 0.0655423 
1798 0.0655605 
1799 0.0655807 
1800 0.0656028 
1801 0.0656268 
1802 0.0656527 
1803 0.0656805 
1804 0.0657101 
1805 0.0657415 
1806 0.0657748 
1807 0.0658098 
1808 0.0658465 
1809 0.065885 
1810 0.0659253 
1811 0.0659671 
1812 0.0660107 
1813 0.0660559 
1814 0.0661027 
1815 0.0661512 
1816 0.0662012 
1817 0.0662527 
1818 0.0663058 
1819 0.0663604 
1820 0.0664164 
1821 0.0664739 
1822 0.0665329 
1823 0.0665933 
1824 0.066655 
1825 0.0667181 
1826 0.0667826 
1827 0.0668483 
1828 0.0669154 
1829 0.0669837 
1830 0.0670532 
1831 0.067124 
1832 0.0671959 
1833 0.067269 
1834 0.0673433 
1835 0.0674187 
1836 0.0674951 
1837 0.0675726 
1838 0.0676512 
1839 0.0677308 
1840 0.0678113 
1841 0.0678928 
1842 0.0679753 
1843 0.0680586 
1844 0.0681429 
1845 0.0682279 
1846 0.0683139 
1847 0.0684006 
1848 0.068488 
1849 0.0685763 
1850 0.0686652 
1851 0.0687549 
1852 0.0688452 
1853 0.0689362 
1854 0.0690278 
1855 0.0691201 
1856 0.069213 
1857 0.0693065 
1858 0.0694006 
1859 0.0694953 
1860 0.0695906 
1861 0.0696864 
1862 0.0697827 
1863 0.0698796 
1864 0.069977 
1865 0.0700749 
1866 0.0701733 
1867 0.0702721 
1868 0.0703714 
1869 0.0704712 
1870 0.0705713 
1871 0.0706719 
1872 0.0707729 
1873 0.0708743 
1874 0.070976 
1875 0.0710781 
1876 0.0711805 
1877 0.0712833 
1878 0.0713863 
1879 0.0714897 
1880 0.0715933 
1881 0.0716972 
1882 0.0718013 
1883 0.0719057 
1884 0.0720103 
1885 0.0721151 
1886 0.07222 
1887 0.0723252 
1888 0.0724305 
1889 0.0725359 
1890 0.0726414 
1891 0.0727471 
1892 0.0728528 
1893 0.0729587 
1894 0.0730645 
1895 0.0731705 
1896 0.0732764 
1897 0.0733824 
1898 0.0734883 
1899 0.0735942 
1900 0.0737001 
1901 0.073806 
1902 0.0739117 
1903 0.0740173 
1904 0.0741228 
1905 0.0742281 
1906 0.0743333 
1907 0.0744382 
1908 0.0745428 
1909 0.0746472 
1910 0.0747512 
1911 0.0748549 
1912 0.0749582 
1913 0.0750612 
1914 0.0751637 
1915 0.0752657 
1916 0.0753673 
1917 0.0754684 
1918 0.0755689 
1919 0.0756688 
1920 0.0757681 
1921 0.0758668 
1922 0.0759648 
1923 0.0760621 
1924 0.0761587 
1925 0.0762545 
1926 0.0763496 
1927 0.0764438 
1928 0.0765372 
1929 0.0766297 
1930 0.0767213 
1931 0.0768119 
1932 0.0769016 
1933 0.0769902 
1934 0.0770778 
1935 0.0771644 
1936 0.0772498 
1937 0.0773341 
1938 0.0774173 
1939 0.0774992 
1940 0.07758 
1941 0.0776594 
1942 0.0777376 
1943 0.0778144 
1944 0.0778899 
1945 0.0779639 
1946 0.0780366 
1947 0.0781078 
1948 0.0781775 
1949 0.0782456 
1950 0.0783122 
1951 0.0783773 
1952 0.0784407 
1953 0.0785026 
1954 0.078563 
1955 0.0786219 
1956 0.0786794 
1957 0.0787354 
1958 0.07879 
1959 0.0788433 
1960 0.0788952 
1961 0.0789458 
1962 0.0789951 
1963 0.0790431 
1964 0.0790899 
1965 0.0791356 
1966 0.07918 
1967 0.0792233 
1968 0.0792655 
1969 0.0793066 
1970 0.0793466 
1971 0.0793856 
1972 0.0794236 
1973 0.0794607 
1974 0.0794968 
1975 0.079532 
1976 0.0795663 
1977 0.0795998 
1978 0.0796325 
1979 0.0796644 
1980 0.0796955 
1981 0.0797259 
1982 0.0797556 
1983 0.0797847 
1984 0.0798131 
1985 0.079841 
1986 0.0798682 
1987 0.079895 
1988 0.0799212 
1989 0.079947 
1990 0.0799723 
1991 0.0799972 
1992 0.0800218 
1993 0.080046 
1994 0.0800699 
1995 0.0800935 
1996 0.0801169 
1997 0.0801401 
1998 0.0801631 
1999 0.0801859 
2000 0.0802087 
