2 5.46456 
3 9.74111 
4 14.7611 
5 20.3942 
6 26.5361 
7 33.1016 
8 40.0203 
9 47.23 
10 54.6823 
11 62.3279 
12 70.1282 
13 78.0451 
14 86.0504 
15 94.1148 
16 102.205 
17 110.303 
18 118.394 
19 126.46 
20 134.479 
21 142.427 
22 150.292 
23 158.066 
24 165.738 
25 173.296 
26 180.728 
27 188.027 
28 195.185 
29 202.195 
30 209.047 
31 215.73 
32 222.242 
33 228.582 
34 234.751 
35 240.748 
36 246.571 
37 252.218 
38 257.687 
39 262.971 
40 268.065 
41 272.961 
42 277.66 
43 282.166 
44 286.479 
45 290.603 
46 294.54 
47 298.291 
48 301.856 
49 305.236 
50 308.429 
51 311.437 
52 314.261 
53 316.905 
54 319.373 
55 321.669 
56 323.795 
57 325.755 
58 327.55 
59 329.182 
60 330.651 
61 331.96 
62 333.111 
63 334.109 
64 334.959 
65 335.666 
66 336.232 
67 336.662 
68 336.958 
69 337.124 
70 337.162 
71 337.074 
72 336.865 
73 336.538 
74 336.1 
75 335.554 
76 334.905 
77 334.155 
78 333.309 
79 332.369 
80 331.338 
81 330.22 
82 329.017 
83 327.735 
84 326.378 
85 324.951 
86 323.458 
87 321.901 
88 320.286 
89 318.614 
90 316.888 
91 315.112 
92 313.289 
93 311.423 
94 309.517 
95 307.576 
96 305.601 
97 303.597 
98 301.565 
99 299.508 
100 297.428 
101 295.326 
102 293.208 
103 291.075 
104 288.934 
105 286.788 
106 284.639 
107 282.493 
108 280.352 
109 278.219 
110 276.098 
111 273.99 
112 271.899 
113 269.827 
114 267.776 
115 265.747 
116 263.742 
117 261.763 
118 259.809 
119 257.883 
120 255.983 
121 254.112 
122 252.27 
123 250.461 
124 248.688 
125 246.952 
126 245.257 
127 243.603 
128 241.994 
129 240.43 
130 238.914 
131 237.448 
132 236.031 
133 234.666 
134 233.353 
135 232.093 
136 230.887 
137 229.734 
138 228.635 
139 227.59 
140 226.598 
141 225.659 
142 224.773 
143 223.944 
144 223.17 
145 222.454 
146 221.797 
147 221.2 
148 220.662 
149 220.185 
150 219.769 
151 219.414 
152 219.121 
153 218.889 
154 218.718 
155 218.608 
156 218.558 
157 218.568 
158 218.637 
159 218.763 
160 218.946 
161 219.184 
162 219.477 
163 219.826 
164 220.231 
165 220.691 
166 221.206 
167 221.777 
168 222.403 
169 223.083 
170 223.817 
171 224.604 
172 225.443 
173 226.334 
174 227.276 
175 228.266 
176 229.305 
177 230.39 
178 231.52 
179 232.693 
180 233.908 
181 235.163 
182 236.457 
183 237.789 
184 239.16 
185 240.569 
186 242.014 
187 243.496 
188 245.013 
189 246.565 
190 248.15 
191 249.768 
192 251.418 
193 253.098 
194 254.808 
195 256.545 
196 258.309 
197 260.098 
198 261.91 
199 263.744 
200 265.598 
201 267.471 
202 269.361 
203 271.267 
204 273.19 
205 275.127 
206 277.079 
207 279.044 
208 281.022 
209 283.011 
210 285.01 
211 287.018 
212 289.034 
213 291.056 
214 293.084 
215 295.117 
216 297.152 
217 299.189 
218 301.225 
219 303.26 
220 305.292 
221 307.319 
222 309.34 
223 311.352 
224 313.355 
225 315.346 
226 317.323 
227 319.287 
228 321.235 
229 323.169 
230 325.086 
231 326.987 
232 328.87 
233 330.736 
234 332.583 
235 334.412 
236 336.22 
237 338.008 
238 339.775 
239 341.52 
240 343.243 
241 344.943 
242 346.618 
243 348.269 
244 349.895 
245 351.495 
246 353.068 
247 354.613 
248 356.13 
249 357.618 
250 359.076 
251 360.503 
252 361.899 
253 363.264 
254 364.597 
255 365.898 
256 367.167 
257 368.402 
258 369.605 
259 370.774 
260 371.91 
261 373.012 
262 374.079 
263 375.112 
264 376.109 
265 377.072 
266 377.999 
267 378.89 
268 379.746 
269 380.565 
270 381.347 
271 382.093 
272 382.802 
273 383.473 
274 384.107 
275 384.703 
276 385.261 
277 385.781 
278 386.264 
279 386.709 
280 387.116 
281 387.487 
282 387.821 
283 388.118 
284 388.378 
285 388.603 
286 388.791 
287 388.945 
288 389.063 
289 389.146 
290 389.195 
291 389.209 
292 389.19 
293 389.138 
294 389.053 
295 388.936 
296 388.787 
297 388.606 
298 388.395 
299 388.153 
300 387.882 
301 387.581 
302 387.252 
303 386.894 
304 386.509 
305 386.095 
306 385.655 
307 385.187 
308 384.693 
309 384.173 
310 383.627 
311 383.056 
312 382.461 
313 381.841 
314 381.198 
315 380.531 
316 379.842 
317 379.131 
318 378.399 
319 377.645 
320 376.871 
321 376.078 
322 375.265 
323 374.434 
324 373.586 
325 372.72 
326 371.838 
327 370.94 
328 370.027 
329 369.101 
330 368.16 
331 367.207 
332 366.243 
333 365.267 
334 364.281 
335 363.285 
336 362.281 
337 361.27 
338 360.252 
339 359.228 
340 358.199 
341 357.166 
342 356.131 
343 355.093 
344 354.054 
345 353.016 
346 351.979 
347 350.944 
348 349.912 
349 348.884 
350 347.862 
351 346.847 
352 345.839 
353 344.838 
354 343.844 
355 342.859 
356 341.883 
357 340.915 
358 339.957 
359 339.008 
360 338.07 
361 337.142 
362 336.225 
363 335.319 
364 334.425 
365 333.543 
366 332.674 
367 331.817 
368 330.974 
369 330.144 
370 329.328 
371 328.527 
372 327.741 
373 326.97 
374 326.215 
375 325.476 
376 324.753 
377 324.048 
378 323.359 
379 322.689 
380 322.037 
381 321.403 
382 320.788 
383 320.193 
384 319.618 
385 319.063 
386 318.529 
387 318.016 
388 317.525 
389 317.055 
390 316.608 
391 316.184 
392 315.783 
393 315.406 
394 315.053 
395 314.725 
396 314.422 
397 314.144 
398 313.892 
399 313.667 
400 313.468 
401 313.296 
402 313.152 
403 313.035 
404 312.945 
405 312.882 
406 312.846 
407 312.836 
408 312.854 
409 312.898 
410 312.968 
411 313.066 
412 313.189 
413 313.338 
414 313.514 
415 313.715 
416 313.942 
417 314.194 
418 314.472 
419 314.775 
420 315.102 
421 315.454 
422 315.831 
423 316.232 
424 316.656 
425 317.105 
426 317.577 
427 318.072 
428 318.589 
429 319.129 
430 319.692 
431 320.276 
432 320.882 
433 321.509 
434 322.157 
435 322.825 
436 323.513 
437 324.221 
438 324.949 
439 325.695 
440 326.46 
441 327.242 
442 328.043 
443 328.86 
444 329.694 
445 330.544 
446 331.41 
447 332.291 
448 333.187 
449 334.096 
450 335.02 
451 335.956 
452 336.905 
453 337.866 
454 338.84 
455 339.824 
456 340.82 
457 341.827 
458 342.844 
459 343.87 
460 344.907 
461 345.952 
462 347.006 
463 348.068 
464 349.137 
465 350.214 
466 351.298 
467 352.387 
468 353.483 
469 354.583 
470 355.688 
471 356.798 
472 357.911 
473 359.027 
474 360.145 
475 361.265 
476 362.387 
477 363.509 
478 364.632 
479 365.754 
480 366.875 
481 367.994 
482 369.111 
483 370.224 
484 371.334 
485 372.44 
486 373.541 
487 374.636 
488 375.724 
489 376.805 
490 377.879 
491 378.943 
492 379.999 
493 381.044 
494 382.078 
495 383.101 
496 384.111 
497 385.108 
498 386.091 
499 387.059 
500 388.011 
501 388.947 
502 389.866 
503 390.768 
504 391.653 
505 392.52 
506 393.37 
507 394.201 
508 395.015 
509 395.81 
510 396.587 
511 397.345 
512 398.083 
513 398.803 
514 399.503 
515 400.183 
516 400.843 
517 401.483 
518 402.103 
519 402.702 
520 403.28 
521 403.837 
522 404.372 
523 404.886 
524 405.378 
525 405.848 
526 406.295 
527 406.72 
528 407.122 
529 407.501 
530 407.856 
531 408.188 
532 408.496 
533 408.78 
534 409.039 
535 409.274 
536 409.484 
537 409.669 
538 409.828 
539 409.961 
540 410.069 
541 410.15 
542 410.205 
543 410.234 
544 410.235 
545 410.209 
546 410.155 
547 410.074 
548 409.964 
549 409.826 
550 409.66 
551 409.465 
552 409.24 
553 408.988 
554 408.707 
555 408.397 
556 408.059 
557 407.694 
558 407.3 
559 406.879 
560 406.431 
561 405.955 
562 405.453 
563 404.923 
564 404.367 
565 403.784 
566 403.175 
567 402.541 
568 401.88 
569 401.194 
570 400.482 
571 399.746 
572 398.985 
573 398.199 
574 397.389 
575 396.555 
576 395.697 
577 394.816 
578 393.911 
579 392.984 
580 392.034 
581 391.061 
582 390.067 
583 389.051 
584 388.013 
585 386.954 
586 385.875 
587 384.775 
588 383.655 
589 382.516 
590 381.357 
591 380.179 
592 378.982 
593 377.767 
594 376.534 
595 375.284 
596 374.016 
597 372.732 
598 371.431 
599 370.114 
600 368.782 
601 367.434 
602 366.072 
603 364.695 
604 363.303 
605 361.898 
606 360.479 
607 359.047 
608 357.602 
609 356.145 
610 354.674 
611 353.192 
612 351.699 
613 350.194 
614 348.678 
615 347.151 
616 345.615 
617 344.068 
618 342.512 
619 340.947 
620 339.373 
621 337.791 
622 336.2 
623 334.603 
624 332.998 
625 331.386 
626 329.768 
627 328.144 
628 326.515 
629 324.88 
630 323.241 
631 321.597 
632 319.95 
633 318.3 
634 316.646 
635 314.991 
636 313.333 
637 311.674 
638 310.013 
639 308.352 
640 306.692 
641 305.031 
642 303.371 
643 301.713 
644 300.057 
645 298.403 
646 296.752 
647 295.105 
648 293.461 
649 291.822 
650 290.188 
651 288.56 
652 286.937 
653 285.321 
654 283.711 
655 282.108 
656 280.512 
657 278.923 
658 277.342 
659 275.768 
660 274.204 
661 272.647 
662 271.1 
663 269.561 
664 268.032 
665 266.513 
666 265.004 
667 263.506 
668 262.018 
669 260.542 
670 259.077 
671 257.623 
672 256.182 
673 254.753 
674 253.337 
675 251.935 
676 250.545 
677 249.17 
678 247.808 
679 246.462 
680 245.13 
681 243.813 
682 242.512 
683 241.227 
684 239.958 
685 238.706 
686 237.471 
687 236.253 
688 235.054 
689 233.872 
690 232.709 
691 231.565 
692 230.44 
693 229.335 
694 228.25 
695 227.186 
696 226.142 
697 225.12 
698 224.12 
699 223.141 
700 222.185 
701 221.252 
702 220.342 
703 219.454 
704 218.589 
705 217.747 
706 216.926 
707 216.128 
708 215.352 
709 214.598 
710 213.865 
711 213.154 
712 212.465 
713 211.796 
714 211.149 
715 210.523 
716 209.918 
717 209.333 
718 208.769 
719 208.225 
720 207.701 
721 207.197 
722 206.713 
723 206.248 
724 205.803 
725 205.376 
726 204.969 
727 204.581 
728 204.211 
729 203.859 
730 203.525 
731 203.209 
732 202.911 
733 202.63 
734 202.367 
735 202.12 
736 201.89 
737 201.677 
738 201.48 
739 201.298 
740 201.133 
741 200.983 
742 200.848 
743 200.728 
744 200.622 
745 200.531 
746 200.454 
747 200.391 
748 200.341 
749 200.305 
750 200.282 
751 200.271 
752 200.272 
753 200.286 
754 200.312 
755 200.349 
756 200.399 
757 200.46 
758 200.532 
759 200.615 
760 200.708 
761 200.813 
762 200.927 
763 201.052 
764 201.187 
765 201.332 
766 201.486 
767 201.649 
768 201.821 
769 202.002 
770 202.191 
771 202.389 
772 202.595 
773 202.808 
774 203.029 
775 203.257 
776 203.493 
777 203.734 
778 203.983 
779 204.237 
780 204.498 
781 204.764 
782 205.035 
783 205.311 
784 205.592 
785 205.878 
786 206.168 
787 206.461 
788 206.758 
789 207.059 
790 207.362 
791 207.668 
792 207.977 
793 208.287 
794 208.599 
795 208.913 
796 209.227 
797 209.542 
798 209.858 
799 210.173 
800 210.489 
801 210.803 
802 211.117 
803 211.43 
804 211.741 
805 212.051 
806 212.36 
807 212.666 
808 212.97 
809 213.272 
810 213.571 
811 213.867 
812 214.16 
813 214.45 
814 214.736 
815 215.019 
816 215.297 
817 215.571 
818 215.841 
819 216.106 
820 216.366 
821 216.62 
822 216.869 
823 217.113 
824 217.35 
825 217.581 
826 217.805 
827 218.023 
828 218.233 
829 218.437 
830 218.632 
831 218.82 
832 218.999 
833 219.17 
834 219.332 
835 219.486 
836 219.63 
837 219.764 
838 219.889 
839 220.003 
840 220.107 
841 220.2 
842 220.282 
843 220.352 
844 220.411 
845 220.459 
846 220.493 
847 220.515 
848 220.525 
849 220.521 
850 220.503 
851 220.472 
852 220.427 
853 220.369 
854 220.297 
855 220.211 
856 220.113 
857 220.001 
858 219.876 
859 219.739 
860 219.589 
861 219.426 
862 219.251 
863 219.064 
864 218.864 
865 218.653 
866 218.43 
867 218.195 
868 217.949 
869 217.691 
870 217.422 
871 217.142 
872 216.852 
873 216.55 
874 216.238 
875 215.916 
876 215.583 
877 215.24 
878 214.888 
879 214.526 
880 214.154 
881 213.773 
882 213.383 
883 212.983 
884 212.575 
885 212.159 
886 211.734 
887 211.3 
888 210.859 
889 210.41 
890 209.953 
891 209.488 
892 209.017 
893 208.538 
894 208.053 
895 207.561 
896 207.062 
897 206.557 
898 206.046 
899 205.53 
900 205.008 
901 204.48 
902 203.947 
903 203.409 
904 202.866 
905 202.318 
906 201.765 
907 201.208 
908 200.646 
909 200.08 
910 199.509 
911 198.934 
912 198.355 
913 197.772 
914 197.185 
915 196.595 
916 196.001 
917 195.404 
918 194.803 
919 194.199 
920 193.592 
921 192.982 
922 192.37 
923 191.755 
924 191.137 
925 190.517 
926 189.895 
927 189.27 
928 188.644 
929 188.016 
930 187.386 
931 186.755 
932 186.123 
933 185.489 
934 184.854 
935 184.219 
936 183.583 
937 182.946 
938 182.308 
939 181.671 
940 181.033 
941 180.395 
942 179.758 
943 179.121 
944 178.484 
945 177.849 
946 177.214 
947 176.58 
948 175.947 
949 175.315 
950 174.686 
951 174.057 
952 173.431 
953 172.807 
954 172.184 
955 171.564 
956 170.947 
957 170.331 
958 169.718 
959 169.108 
960 168.501 
961 167.896 
962 167.295 
963 166.696 
964 166.101 
965 165.51 
966 164.922 
967 164.337 
968 163.757 
969 163.18 
970 162.608 
971 162.039 
972 161.475 
973 160.916 
974 160.361 
975 159.811 
976 159.266 
977 158.725 
978 158.19 
979 157.66 
980 157.136 
981 156.617 
982 156.104 
983 155.597 
984 155.096 
985 154.601 
986 154.112 
987 153.63 
988 153.154 
989 152.685 
990 152.223 
991 151.768 
992 151.32 
993 150.88 
994 150.447 
995 150.022 
996 149.604 
997 149.195 
998 148.793 
999 148.4 
1000 148.015 
1001 147.639 
1002 147.272 
1003 146.913 
1004 146.562 
1005 146.221 
1006 145.888 
1007 145.563 
1008 145.248 
1009 144.941 
1010 144.642 
1011 144.352 
1012 144.071 
1013 143.799 
1014 143.535 
1015 143.28 
1016 143.034 
1017 142.796 
1018 142.567 
1019 142.347 
1020 142.135 
1021 141.932 
1022 141.738 
1023 141.553 
1024 141.376 
1025 141.208 
1026 141.048 
1027 140.898 
1028 140.756 
1029 140.623 
1030 140.498 
1031 140.382 
1032 140.275 
1033 140.177 
1034 140.087 
1035 140.006 
1036 139.934 
1037 139.871 
1038 139.816 
1039 139.77 
1040 139.732 
1041 139.703 
1042 139.683 
1043 139.672 
1044 139.669 
1045 139.675 
1046 139.689 
1047 139.713 
1048 139.744 
1049 139.785 
1050 139.834 
1051 139.892 
1052 139.958 
1053 140.032 
1054 140.115 
1055 140.205 
1056 140.303 
1057 140.408 
1058 140.52 
1059 140.64 
1060 140.766 
1061 140.899 
1062 141.038 
1063 141.183 
1064 141.334 
1065 141.491 
1066 141.653 
1067 141.821 
1068 141.994 
1069 142.171 
1070 142.353 
1071 142.539 
1072 142.73 
1073 142.924 
1074 143.122 
1075 143.323 
1076 143.527 
1077 143.734 
1078 143.944 
1079 144.156 
1080 144.371 
1081 144.587 
1082 144.805 
1083 145.024 
1084 145.245 
1085 145.466 
1086 145.688 
1087 145.91 
1088 146.133 
1089 146.355 
1090 146.577 
1091 146.798 
1092 147.018 
1093 147.236 
1094 147.454 
1095 147.669 
1096 147.882 
1097 148.093 
1098 148.301 
1099 148.506 
1100 148.708 
1101 148.907 
1102 149.102 
1103 149.293 
1104 149.48 
1105 149.663 
1106 149.843 
1107 150.018 
1108 150.19 
1109 150.357 
1110 150.519 
1111 150.678 
1112 150.832 
1113 150.981 
1114 151.126 
1115 151.265 
1116 151.4 
1117 151.531 
1118 151.656 
1119 151.776 
1120 151.89 
1121 152 
1122 152.104 
1123 152.203 
1124 152.296 
1125 152.383 
1126 152.465 
1127 152.54 
1128 152.61 
1129 152.674 
1130 152.731 
1131 152.783 
1132 152.828 
1133 152.866 
1134 152.898 
1135 152.924 
1136 152.942 
1137 152.954 
1138 152.959 
1139 152.957 
1140 152.947 
1141 152.93 
1142 152.906 
1143 152.875 
1144 152.836 
1145 152.789 
1146 152.735 
1147 152.672 
1148 152.602 
1149 152.524 
1150 152.437 
1151 152.342 
1152 152.239 
1153 152.127 
1154 152.008 
1155 151.881 
1156 151.745 
1157 151.602 
1158 151.451 
1159 151.292 
1160 151.125 
1161 150.951 
1162 150.77 
1163 150.581 
1164 150.384 
1165 150.181 
1166 149.97 
1167 149.752 
1168 149.527 
1169 149.295 
1170 149.056 
1171 148.811 
1172 148.559 
1173 148.3 
1174 148.035 
1175 147.763 
1176 147.485 
1177 147.2 
1178 146.91 
1179 146.613 
1180 146.311 
1181 146.002 
1182 145.688 
1183 145.368 
1184 145.042 
1185 144.711 
1186 144.374 
1187 144.032 
1188 143.685 
1189 143.333 
1190 142.975 
1191 142.613 
1192 142.246 
1193 141.874 
1194 141.498 
1195 141.116 
1196 140.731 
1197 140.341 
1198 139.947 
1199 139.549 
1200 139.146 
1201 138.74 
1202 138.33 
1203 137.916 
1204 137.499 
1205 137.077 
1206 136.652 
1207 136.223 
1208 135.791 
1209 135.355 
1210 134.916 
1211 134.473 
1212 134.027 
1213 133.577 
1214 133.125 
1215 132.669 
1216 132.209 
1217 131.747 
1218 131.282 
1219 130.813 
1220 130.342 
1221 129.867 
1222 129.39 
1223 128.91 
1224 128.427 
1225 127.942 
1226 127.454 
1227 126.963 
1228 126.47 
1229 125.974 
1230 125.476 
1231 124.975 
1232 124.472 
1233 123.967 
1234 123.46 
1235 122.95 
1236 122.439 
1237 121.925 
1238 121.41 
1239 120.892 
1240 120.373 
1241 119.852 
1242 119.33 
1243 118.805 
1244 118.279 
1245 117.752 
1246 117.223 
1247 116.693 
1248 116.161 
1249 115.628 
1250 115.094 
1251 114.559 
1252 114.023 
1253 113.486 
1254 112.948 
1255 112.41 
1256 111.872 
1257 111.333 
1258 110.795 
1259 110.257 
1260 109.719 
1261 109.181 
1262 108.644 
1263 108.109 
1264 107.574 
1265 107.04 
1266 106.508 
1267 105.978 
1268 105.449 
1269 104.922 
1270 104.397 
1271 103.875 
1272 103.355 
1273 102.837 
1274 102.323 
1275 101.812 
1276 101.303 
1277 100.799 
1278 100.298 
1279 99.8003 
1280 99.3069 
1281 98.8178 
1282 98.333 
1283 97.8528 
1284 97.3773 
1285 96.9068 
1286 96.4415 
1287 95.9816 
1288 95.5271 
1289 95.0785 
1290 94.6358 
1291 94.1993 
1292 93.7692 
1293 93.3456 
1294 92.9289 
1295 92.5191 
1296 92.1165 
1297 91.7213 
1298 91.3338 
1299 90.9541 
1300 90.5824 
1301 90.219 
1302 89.8637 
1303 89.5165 
1304 89.1772 
1305 88.8457 
1306 88.5219 
1307 88.2057 
1308 87.897 
1309 87.5956 
1310 87.3015 
1311 87.0146 
1312 86.7346 
1313 86.4615 
1314 86.1952 
1315 85.9356 
1316 85.6824 
1317 85.4357 
1318 85.1953 
1319 84.961 
1320 84.7327 
1321 84.5103 
1322 84.2938 
1323 84.0828 
1324 83.8774 
1325 83.6774 
1326 83.4826 
1327 83.2929 
1328 83.1083 
1329 82.9285 
1330 82.7534 
1331 82.5829 
1332 82.4169 
1333 82.2551 
1334 82.0976 
1335 81.9441 
1336 81.7944 
1337 81.6486 
1338 81.5063 
1339 81.3675 
1340 81.232 
1341 81.0998 
1342 80.9705 
1343 80.8441 
1344 80.7205 
1345 80.5994 
1346 80.4808 
1347 80.3645 
1348 80.2504 
1349 80.1382 
1350 80.0278 
1351 79.9192 
1352 79.8122 
1353 79.7071 
1354 79.6037 
1355 79.5022 
1356 79.4026 
1357 79.305 
1358 79.2094 
1359 79.1158 
1360 79.0243 
1361 78.9349 
1362 78.8478 
1363 78.7628 
1364 78.6802 
1365 78.5998 
1366 78.5219 
1367 78.4464 
1368 78.3733 
1369 78.3028 
1370 78.2348 
1371 78.1695 
1372 78.1068 
1373 78.0469 
1374 77.9898 
1375 77.9354 
1376 77.8839 
1377 77.8354 
1378 77.7898 
1379 77.7473 
1380 77.7079 
1381 77.6715 
1382 77.6384 
1383 77.6085 
1384 77.5819 
1385 77.5586 
1386 77.5387 
1387 77.5223 
1388 77.5093 
1389 77.4999 
1390 77.4942 
1391 77.4921 
1392 77.4937 
1393 77.499 
1394 77.5082 
1395 77.5213 
1396 77.5384 
1397 77.5594 
1398 77.5844 
1399 77.6136 
1400 77.6469 
1401 77.6845 
1402 77.726 
1403 77.7715 
1404 77.8207 
1405 77.8735 
1406 77.9298 
1407 77.9892 
1408 78.0518 
1409 78.1173 
1410 78.1856 
1411 78.2564 
1412 78.3297 
1413 78.4052 
1414 78.4828 
1415 78.5624 
1416 78.6437 
1417 78.7265 
1418 78.8108 
1419 78.8963 
1420 78.9828 
1421 79.0702 
1422 79.1583 
1423 79.2469 
1424 79.3359 
1425 79.425 
1426 79.514 
1427 79.6029 
1428 79.6914 
1429 79.7792 
1430 79.8664 
1431 79.9525 
1432 80.0375 
1433 80.1212 
1434 80.2034 
1435 80.2839 
1436 80.3624 
1437 80.4389 
1438 80.5131 
1439 80.5847 
1440 80.6537 
1441 80.7198 
1442 80.7829 
1443 80.8426 
1444 80.8989 
1445 80.9515 
1446 81.0002 
1447 81.0448 
1448 81.0852 
1449 81.121 
1450 81.1521 
1451 81.1784 
1452 81.1997 
1453 81.2162 
1454 81.2278 
1455 81.2346 
1456 81.2366 
1457 81.2338 
1458 81.2262 
1459 81.2139 
1460 81.1968 
1461 81.1751 
1462 81.1487 
1463 81.1176 
1464 81.0819 
1465 81.0415 
1466 80.9966 
1467 80.9471 
1468 80.8931 
1469 80.8346 
1470 80.7715 
1471 80.704 
1472 80.632 
1473 80.5557 
1474 80.4749 
1475 80.3897 
1476 80.3002 
1477 80.2064 
1478 80.1083 
1479 80.0059 
1480 79.8993 
1481 79.7884 
1482 79.6734 
1483 79.5541 
1484 79.4308 
1485 79.3033 
1486 79.1718 
1487 79.0362 
1488 78.8965 
1489 78.7529 
1490 78.6052 
1491 78.4537 
1492 78.2982 
1493 78.1388 
1494 77.9756 
1495 77.8085 
1496 77.6376 
1497 77.463 
1498 77.2846 
1499 77.1025 
1500 76.9167 
1501 76.7273 
1502 76.5343 
1503 76.3378 
1504 76.1381 
1505 75.9351 
1506 75.7289 
1507 75.5198 
1508 75.3077 
1509 75.0928 
1510 74.8752 
1511 74.6551 
1512 74.4324 
1513 74.2074 
1514 73.9802 
1515 73.7507 
1516 73.5193 
1517 73.2859 
1518 73.0507 
1519 72.8139 
1520 72.5754 
1521 72.3355 
1522 72.0943 
1523 71.8518 
1524 71.6082 
1525 71.3636 
1526 71.1181 
1527 70.8719 
1528 70.625 
1529 70.3776 
1530 70.1299 
1531 69.8818 
1532 69.6336 
1533 69.3854 
1534 69.1372 
1535 68.8893 
1536 68.6418 
1537 68.3947 
1538 68.1481 
1539 67.9024 
1540 67.6574 
1541 67.4135 
1542 67.1706 
1543 66.929 
1544 66.6888 
1545 66.45 
1546 66.2129 
1547 65.9776 
1548 65.7441 
1549 65.5127 
1550 65.2834 
1551 65.0564 
1552 64.8316 
1553 64.6091 
1554 64.3887 
1555 64.1705 
1556 63.9544 
1557 63.7403 
1558 63.5283 
1559 63.3182 
1560 63.1101 
1561 62.9039 
1562 62.6996 
1563 62.497 
1564 62.2963 
1565 62.0972 
1566 61.8999 
1567 61.7042 
1568 61.5101 
1569 61.3176 
1570 61.1267 
1571 60.9372 
1572 60.7491 
1573 60.5624 
1574 60.3771 
1575 60.1931 
1576 60.0103 
1577 59.8288 
1578 59.6485 
1579 59.4692 
1580 59.2911 
1581 59.114 
1582 58.9378 
1583 58.7627 
1584 58.5884 
1585 58.415 
1586 58.2423 
1587 58.0705 
1588 57.8993 
1589 57.7288 
1590 57.559 
1591 57.3897 
1592 57.2209 
1593 57.0526 
1594 56.8847 
1595 56.7171 
1596 56.55 
1597 56.383 
1598 56.2163 
1599 56.0498 
1600 55.8834 
1601 55.7171 
1602 55.5509 
1603 55.3849 
1604 55.2192 
1605 55.0538 
1606 54.8888 
1607 54.7241 
1608 54.56 
1609 54.3965 
1610 54.2335 
1611 54.0713 
1612 53.9098 
1613 53.7491 
1614 53.5892 
1615 53.4303 
1616 53.2724 
1617 53.1155 
1618 52.9598 
1619 52.8053 
1620 52.652 
1621 52.5 
1622 52.3494 
1623 52.2003 
1624 52.0526 
1625 51.9066 
1626 51.7622 
1627 51.6195 
1628 51.4786 
1629 51.3395 
1630 51.2024 
1631 51.0672 
1632 50.9341 
1633 50.8031 
1634 50.6744 
1635 50.5478 
1636 50.4236 
1637 50.3018 
1638 50.1825 
1639 50.0657 
1640 49.9515 
1641 49.84 
1642 49.7312 
1643 49.6253 
1644 49.5223 
1645 49.4222 
1646 49.3252 
1647 49.2313 
1648 49.1406 
1649 49.0531 
1650 48.969 
1651 48.8883 
1652 48.8109 
1653 48.737 
1654 48.6663 
1655 48.5989 
1656 48.5348 
1657 48.4739 
1658 48.4162 
1659 48.3617 
1660 48.3104 
1661 48.2622 
1662 48.217 
1663 48.1749 
1664 48.1358 
1665 48.0997 
1666 48.0666 
1667 48.0364 
1668 48.0091 
1669 47.9847 
1670 47.9631 
1671 47.9443 
1672 47.9282 
1673 47.9149 
1674 47.9043 
1675 47.8964 
1676 47.8911 
1677 47.8884 
1678 47.8883 
1679 47.8907 
1680 47.8956 
1681 47.903 
1682 47.9128 
1683 47.925 
1684 47.9396 
1685 47.9565 
1686 47.9757 
1687 47.9972 
1688 48.0209 
1689 48.0467 
1690 48.0748 
1691 48.1049 
1692 48.1371 
1693 48.1714 
1694 48.2076 
1695 48.2458 
1696 48.286 
1697 48.328 
1698 48.3719 
1699 48.4177 
1700 48.4652 
1701 48.5144 
1702 48.5653 
1703 48.6176 
1704 48.6714 
1705 48.7265 
1706 48.7827 
1707 48.84 
1708 48.8982 
1709 48.9572 
1710 49.0169 
1711 49.0771 
1712 49.1379 
1713 49.1989 
1714 49.2602 
1715 49.3216 
1716 49.3829 
1717 49.4441 
1718 49.505 
1719 49.5655 
1720 49.6255 
1721 49.6848 
1722 49.7434 
1723 49.801 
1724 49.8576 
1725 49.9131 
1726 49.9673 
1727 50.0201 
1728 50.0713 
1729 50.1208 
1730 50.1686 
1731 50.2144 
1732 50.2582 
1733 50.2997 
1734 50.339 
1735 50.3757 
1736 50.4099 
1737 50.4414 
1738 50.4699 
1739 50.4955 
1740 50.518 
1741 50.5371 
1742 50.5529 
1743 50.5651 
1744 50.5737 
1745 50.5784 
1746 50.5791 
1747 50.5757 
1748 50.5681 
1749 50.5561 
1750 50.5396 
1751 50.5185 
1752 50.4927 
1753 50.4626 
1754 50.428 
1755 50.3892 
1756 50.3463 
1757 50.2993 
1758 50.2485 
1759 50.1938 
1760 50.1354 
1761 50.0734 
1762 50.0079 
1763 49.939 
1764 49.8669 
1765 49.7916 
1766 49.7133 
1767 49.6321 
1768 49.548 
1769 49.4613 
1770 49.372 
1771 49.2802 
1772 49.186 
1773 49.0897 
1774 48.9912 
1775 48.8907 
1776 48.7883 
1777 48.6842 
1778 48.5784 
1779 48.4712 
1780 48.3625 
1781 48.2525 
1782 48.1414 
1783 48.0292 
1784 47.9161 
1785 47.8022 
1786 47.6877 
1787 47.5726 
1788 47.4571 
1789 47.3413 
1790 47.2253 
1791 47.1093 
1792 46.9934 
1793 46.8777 
1794 46.7624 
1795 46.6475 
1796 46.5332 
1797 46.4197 
1798 46.307 
1799 46.1953 
1800 46.0847 
1801 45.9754 
1802 45.8672 
1803 45.7602 
1804 45.6542 
1805 45.5493 
1806 45.4452 
1807 45.3421 
1808 45.2397 
1809 45.1381 
1810 45.0372 
1811 44.9368 
1812 44.837 
1813 44.7377 
1814 44.6388 
1815 44.5402 
1816 44.4418 
1817 44.3437 
1818 44.2457 
1819 44.1478 
1820 44.0498 
1821 43.9518 
1822 43.8536 
1823 43.7552 
1824 43.6565 
1825 43.5575 
1826 43.458 
1827 43.358 
1828 43.2575 
1829 43.1563 
1830 43.0543 
1831 42.9516 
1832 42.848 
1833 42.7435 
1834 42.638 
1835 42.5314 
1836 42.4236 
1837 42.3146 
1838 42.2042 
1839 42.0925 
1840 41.9793 
1841 41.8646 
1842 41.7483 
1843 41.6302 
1844 41.5105 
1845 41.3888 
1846 41.2653 
1847 41.1397 
1848 41.0121 
1849 40.8823 
1850 40.7502 
1851 40.6159 
1852 40.4794 
1853 40.3406 
1854 40.1998 
1855 40.0569 
1856 39.912 
1857 39.7653 
1858 39.6167 
1859 39.4664 
1860 39.3144 
1861 39.1608 
1862 39.0056 
1863 38.849 
1864 38.691 
1865 38.5317 
1866 38.3711 
1867 38.2094 
1868 38.0466 
1869 37.8827 
1870 37.7179 
1871 37.5522 
1872 37.3858 
1873 37.2186 
1874 37.0508 
1875 36.8824 
1876 36.7135 
1877 36.5442 
1878 36.3746 
1879 36.2047 
1880 36.0347 
1881 35.8645 
1882 35.6943 
1883 35.5242 
1884 35.3542 
1885 35.1845 
1886 35.015 
1887 34.8459 
1888 34.6773 
1889 34.5092 
1890 34.3418 
1891 34.175 
1892 34.009 
1893 33.8439 
1894 33.6798 
1895 33.5167 
1896 33.3547 
1897 33.1939 
1898 33.0344 
1899 32.8763 
1900 32.7197 
1901 32.5645 
1902 32.4109 
1903 32.2589 
1904 32.1084 
1905 31.9594 
1906 31.8119 
1907 31.6659 
1908 31.5215 
1909 31.3785 
1910 31.2371 
1911 31.0972 
1912 30.9587 
1913 30.8218 
1914 30.6863 
1915 30.5523 
1916 30.4198 
1917 30.2888 
1918 30.1592 
1919 30.0311 
1920 29.9045 
1921 29.7793 
1922 29.6555 
1923 29.5332 
1924 29.4124 
1925 29.2929 
1926 29.1749 
1927 29.0583 
1928 28.9431 
1929 28.8294 
1930 28.717 
1931 28.6061 
1932 28.4965 
1933 28.3883 
1934 28.2816 
1935 28.1762 
1936 28.0721 
1937 27.9695 
1938 27.8682 
1939 27.7682 
1940 27.6696 
1941 27.5724 
1942 27.4765 
1943 27.3819 
1944 27.2886 
1945 27.1967 
1946 27.1061 
1947 27.0168 
1948 26.9288 
1949 26.8421 
1950 26.7567 
1951 26.6726 
1952 26.5897 
1953 26.5081 
1954 26.4277 
1955 26.3485 
1956 26.2704 
1957 26.1935 
1958 26.1176 
1959 26.0429 
1960 25.9692 
1961 25.8965 
1962 25.8248 
1963 25.7541 
1964 25.6843 
1965 25.6155 
1966 25.5475 
1967 25.4804 
1968 25.4141 
1969 25.3487 
1970 25.284 
1971 25.22 
1972 25.1568 
1973 25.0943 
1974 25.0325 
1975 24.9713 
1976 24.9107 
1977 24.8506 
1978 24.7912 
1979 24.7322 
1980 24.6738 
1981 24.6158 
1982 24.5582 
1983 24.5011 
1984 24.4443 
1985 24.3879 
1986 24.3317 
1987 24.2759 
1988 24.2204 
1989 24.165 
1990 24.1099 
1991 24.0549 
1992 24 
1993 23.9453 
1994 23.8906 
1995 23.836 
1996 23.7814 
1997 23.7268 
1998 23.6721 
1999 23.6173 
2000 23.5625 
