2 495.615 
3 488.186 
4 479.994 
5 472.299 
6 464.81 
7 457.376 
8 449.926 
9 442.167 
10 434.847 
11 427.155 
12 419.475 
13 411.37 
14 403.511 
15 395.948 
16 387.652 
17 379.083 
18 370.936 
19 363.439 
20 356.233 
21 348.595 
22 340.653 
23 332.707 
24 324.917 
25 317.27 
26 309.642 
27 302.122 
28 294.797 
29 287.664 
30 280.607 
31 273.473 
32 266.342 
33 259.347 
34 252.597 
35 246.175 
36 240.132 
37 234.486 
38 229.212 
39 224.246 
40 219.475 
41 214.78 
42 210.18 
43 205.728 
44 201.473 
45 197.452 
46 193.697 
47 190.228 
48 187.056 
49 184.18 
50 181.586 
51 179.258 
52 177.216 
53 175.481 
54 174.072 
55 173.002 
56 172.278 
57 171.902 
58 171.867 
59 172.162 
60 172.767 
61 173.662 
62 174.854 
63 176.356 
64 178.178 
65 180.327 
66 182.809 
67 185.627 
68 188.779 
69 192.263 
70 196.071 
71 200.198 
72 204.646 
73 209.419 
74 214.52 
75 219.95 
76 225.709 
77 231.794 
78 238.201 
79 244.923 
80 251.953 
81 259.282 
82 266.909 
83 274.834 
84 283.058 
85 291.579 
86 300.393 
87 309.497 
88 318.887 
89 328.556 
90 338.497 
91 348.704 
92 359.172 
93 369.897 
94 380.876 
95 392.103 
96 403.573 
97 415.279 
98 427.213 
99 439.367 
100 451.733 
101 464.301 
102 477.067 
103 490.027 
104 503.177 
105 516.512 
106 530.027 
107 543.718 
108 557.577 
109 571.6 
110 585.78 
111 600.11 
112 614.582 
113 629.19 
114 643.925 
115 658.778 
116 673.741 
117 688.803 
118 703.956 
119 719.189 
120 734.491 
121 749.852 
122 765.264 
123 780.721 
124 796.217 
125 811.746 
126 827.299 
127 842.871 
128 858.455 
129 874.043 
130 889.628 
131 905.203 
132 920.76 
133 936.291 
134 951.789 
135 967.246 
136 982.653 
137 998.003 
138 1013.29 
139 1028.5 
140 1043.62 
141 1058.66 
142 1073.6 
143 1088.43 
144 1103.15 
145 1117.76 
146 1132.24 
147 1146.59 
148 1160.8 
149 1174.87 
150 1188.79 
151 1202.55 
152 1216.15 
153 1229.58 
154 1242.84 
155 1255.91 
156 1268.8 
157 1281.49 
158 1293.98 
159 1306.27 
160 1318.34 
161 1330.19 
162 1341.82 
163 1353.22 
164 1364.39 
165 1375.32 
166 1386 
167 1396.44 
168 1406.62 
169 1416.55 
170 1426.22 
171 1435.62 
172 1444.76 
173 1453.62 
174 1462.21 
175 1470.52 
176 1478.54 
177 1486.28 
178 1493.73 
179 1500.89 
180 1507.75 
181 1514.32 
182 1520.58 
183 1526.55 
184 1532.2 
185 1537.56 
186 1542.6 
187 1547.34 
188 1551.76 
189 1555.88 
190 1559.68 
191 1563.16 
192 1566.34 
193 1569.19 
194 1571.74 
195 1573.97 
196 1575.88 
197 1577.48 
198 1578.77 
199 1579.74 
200 1580.41 
201 1580.76 
202 1580.8 
203 1580.53 
204 1579.95 
205 1579.07 
206 1577.87 
207 1576.37 
208 1574.57 
209 1572.46 
210 1570.04 
211 1567.33 
212 1564.32 
213 1561.01 
214 1557.41 
215 1553.51 
216 1549.33 
217 1544.86 
218 1540.11 
219 1535.08 
220 1529.77 
221 1524.19 
222 1518.35 
223 1512.24 
224 1505.87 
225 1499.25 
226 1492.38 
227 1485.26 
228 1477.9 
229 1470.3 
230 1462.46 
231 1454.39 
232 1446.1 
233 1437.58 
234 1428.84 
235 1419.88 
236 1410.71 
237 1401.34 
238 1391.77 
239 1381.99 
240 1372.03 
241 1361.88 
242 1351.56 
243 1341.05 
244 1330.38 
245 1319.55 
246 1308.56 
247 1297.43 
248 1286.15 
249 1274.73 
250 1263.19 
251 1251.52 
252 1239.74 
253 1227.85 
254 1215.85 
255 1203.74 
256 1191.54 
257 1179.25 
258 1166.86 
259 1154.4 
260 1141.85 
261 1129.23 
262 1116.55 
263 1103.8 
264 1091 
265 1078.15 
266 1065.25 
267 1052.32 
268 1039.35 
269 1026.36 
270 1013.34 
271 1000.31 
272 987.28 
273 974.245 
274 961.216 
275 948.2 
276 935.204 
277 922.232 
278 909.29 
279 896.382 
280 883.512 
281 870.685 
282 857.906 
283 845.181 
284 832.513 
285 819.908 
286 807.371 
287 794.907 
288 782.52 
289 770.216 
290 758.001 
291 745.878 
292 733.854 
293 721.934 
294 710.123 
295 698.426 
296 686.849 
297 675.397 
298 664.076 
299 652.891 
300 641.848 
301 630.952 
302 620.205 
303 609.611 
304 599.172 
305 588.889 
306 578.766 
307 568.804 
308 559.005 
309 549.372 
310 539.906 
311 530.61 
312 521.486 
313 512.535 
314 503.76 
315 495.162 
316 486.743 
317 478.505 
318 470.449 
319 462.577 
320 454.89 
321 447.39 
322 440.079 
323 432.958 
324 426.027 
325 419.29 
326 412.745 
327 406.396 
328 400.242 
329 394.285 
330 388.526 
331 382.965 
332 377.604 
333 372.443 
334 367.484 
335 362.725 
336 358.17 
337 353.816 
338 349.666 
339 345.719 
340 341.976 
341 338.438 
342 335.103 
343 331.972 
344 329.046 
345 326.324 
346 323.806 
347 321.492 
348 319.381 
349 317.474 
350 315.77 
351 314.267 
352 312.966 
353 311.866 
354 310.964 
355 310.261 
356 309.754 
357 309.443 
358 309.326 
359 309.401 
360 309.667 
361 310.122 
362 310.765 
363 311.592 
364 312.603 
365 313.796 
366 315.167 
367 316.715 
368 318.437 
369 320.331 
370 322.395 
371 324.625 
372 327.018 
373 329.573 
374 332.285 
375 335.152 
376 338.171 
377 341.338 
378 344.65 
379 348.103 
380 351.694 
381 355.418 
382 359.273 
383 363.254 
384 367.357 
385 371.578 
386 375.912 
387 380.356 
388 384.904 
389 389.553 
390 394.297 
391 399.131 
392 404.051 
393 409.051 
394 414.126 
395 419.271 
396 424.481 
397 429.749 
398 435.071 
399 440.44 
400 445.85 
401 451.296 
402 456.776 
403 462.287 
404 467.827 
405 473.395 
406 478.987 
407 484.602 
408 490.238 
409 495.892 
410 501.562 
411 507.246 
412 512.94 
413 518.644 
414 524.353 
415 530.067 
416 535.781 
417 541.494 
418 547.202 
419 552.904 
420 558.595 
421 564.274 
422 569.938 
423 575.583 
424 581.207 
425 586.807 
426 592.379 
427 597.921 
428 603.429 
429 608.9 
430 614.331 
431 619.719 
432 625.06 
433 630.351 
434 635.588 
435 640.768 
436 645.888 
437 650.944 
438 655.931 
439 660.847 
440 665.688 
441 670.45 
442 675.129 
443 679.721 
444 684.222 
445 688.629 
446 692.936 
447 697.141 
448 701.239 
449 705.225 
450 709.096 
451 712.847 
452 716.479 
453 719.99 
454 723.381 
455 726.651 
456 729.801 
457 732.829 
458 735.737 
459 738.525 
460 741.191 
461 743.736 
462 746.16 
463 748.464 
464 750.646 
465 752.708 
466 754.649 
467 756.47 
468 758.17 
469 759.75 
470 761.209 
471 762.549 
472 763.77 
473 764.871 
474 765.852 
475 766.715 
476 767.46 
477 768.086 
478 768.595 
479 768.986 
480 769.26 
481 769.418 
482 769.459 
483 769.385 
484 769.196 
485 768.893 
486 768.475 
487 767.944 
488 767.3 
489 766.544 
490 765.677 
491 764.699 
492 763.611 
493 762.413 
494 761.107 
495 759.693 
496 758.172 
497 756.545 
498 754.813 
499 752.976 
500 751.036 
501 748.993 
502 746.85 
503 744.609 
504 742.27 
505 739.837 
506 737.311 
507 734.694 
508 731.989 
509 729.198 
510 726.322 
511 723.365 
512 720.328 
513 717.214 
514 714.024 
515 710.763 
516 707.432 
517 704.033 
518 700.569 
519 697.043 
520 693.457 
521 689.815 
522 686.118 
523 682.37 
524 678.573 
525 674.731 
526 670.846 
527 666.921 
528 662.96 
529 658.965 
530 654.939 
531 650.886 
532 646.809 
533 642.711 
534 638.596 
535 634.466 
536 630.325 
537 626.177 
538 622.026 
539 617.874 
540 613.725 
541 609.583 
542 605.452 
543 601.336 
544 597.237 
545 593.161 
546 589.111 
547 585.091 
548 581.105 
549 577.157 
550 573.251 
551 569.391 
552 565.579 
553 561.817 
554 558.106 
555 554.447 
556 550.843 
557 547.295 
558 543.805 
559 540.375 
560 537.005 
561 533.699 
562 530.457 
563 527.281 
564 524.174 
565 521.136 
566 518.171 
567 515.278 
568 512.462 
569 509.722 
570 507.061 
571 504.482 
572 501.985 
573 499.573 
574 497.247 
575 495.01 
576 492.864 
577 490.81 
578 488.85 
579 486.987 
580 485.223 
581 483.559 
582 481.997 
583 480.541 
584 479.19 
585 477.949 
586 476.818 
587 475.801 
588 474.899 
589 474.114 
590 473.448 
591 472.904 
592 472.484 
593 472.19 
594 472.025 
595 471.99 
596 472.088 
597 472.321 
598 472.692 
599 473.202 
600 473.855 
601 474.651 
602 475.592 
603 476.675 
604 477.901 
605 479.269 
606 480.778 
607 482.426 
608 484.215 
609 486.141 
610 488.205 
611 490.406 
612 492.743 
613 495.215 
614 497.821 
615 500.56 
616 503.431 
617 506.432 
618 509.564 
619 512.824 
620 516.213 
621 519.728 
622 523.368 
623 527.132 
624 531.02 
625 535.029 
626 539.159 
627 543.408 
628 547.776 
629 552.259 
630 556.858 
631 561.571 
632 566.397 
633 571.333 
634 576.379 
635 581.533 
636 586.793 
637 592.158 
638 597.627 
639 603.197 
640 608.868 
641 614.637 
642 620.503 
643 626.463 
644 632.517 
645 638.663 
646 644.898 
647 651.221 
648 657.63 
649 664.124 
650 670.699 
651 677.355 
652 684.088 
653 690.897 
654 697.78 
655 704.734 
656 711.756 
657 718.844 
658 725.997 
659 733.21 
660 740.483 
661 747.811 
662 755.194 
663 762.627 
664 770.109 
665 777.636 
666 785.206 
667 792.817 
668 800.465 
669 808.148 
670 815.862 
671 823.605 
672 831.374 
673 839.166 
674 846.978 
675 854.807 
676 862.65 
677 870.503 
678 878.364 
679 886.23 
680 894.097 
681 901.961 
682 909.821 
683 917.671 
684 925.51 
685 933.333 
686 941.138 
687 948.92 
688 956.676 
689 964.403 
690 972.097 
691 979.755 
692 987.372 
693 994.945 
694 1002.47 
695 1009.94 
696 1017.36 
697 1024.72 
698 1032.02 
699 1039.25 
700 1046.41 
701 1053.49 
702 1060.5 
703 1067.43 
704 1074.28 
705 1081.05 
706 1087.74 
707 1094.34 
708 1100.85 
709 1107.28 
710 1113.62 
711 1119.86 
712 1126.01 
713 1132.07 
714 1138.03 
715 1143.89 
716 1149.65 
717 1155.3 
718 1160.86 
719 1166.31 
720 1171.65 
721 1176.88 
722 1182 
723 1187 
724 1191.89 
725 1196.66 
726 1201.32 
727 1205.85 
728 1210.26 
729 1214.55 
730 1218.7 
731 1222.73 
732 1226.63 
733 1230.4 
734 1234.03 
735 1237.52 
736 1240.88 
737 1244.09 
738 1247.17 
739 1250.09 
740 1252.87 
741 1255.5 
742 1257.98 
743 1260.31 
744 1262.48 
745 1264.49 
746 1266.34 
747 1268.03 
748 1269.55 
749 1270.91 
750 1272.1 
751 1273.12 
752 1273.97 
753 1274.65 
754 1275.16 
755 1275.51 
756 1275.68 
757 1275.69 
758 1275.53 
759 1275.21 
760 1274.73 
761 1274.08 
762 1273.27 
763 1272.3 
764 1271.17 
765 1269.88 
766 1268.43 
767 1266.83 
768 1265.06 
769 1263.15 
770 1261.08 
771 1258.85 
772 1256.47 
773 1253.95 
774 1251.27 
775 1248.45 
776 1245.47 
777 1242.36 
778 1239.09 
779 1235.68 
780 1232.13 
781 1228.44 
782 1224.61 
783 1220.64 
784 1216.54 
785 1212.3 
786 1207.92 
787 1203.41 
788 1198.77 
789 1194 
790 1189.1 
791 1184.07 
792 1178.92 
793 1173.64 
794 1168.24 
795 1162.72 
796 1157.08 
797 1151.32 
798 1145.45 
799 1139.46 
800 1133.36 
801 1127.14 
802 1120.82 
803 1114.39 
804 1107.86 
805 1101.22 
806 1094.49 
807 1087.65 
808 1080.73 
809 1073.7 
810 1066.59 
811 1059.39 
812 1052.1 
813 1044.73 
814 1037.27 
815 1029.74 
816 1022.13 
817 1014.45 
818 1006.69 
819 998.872 
820 990.983 
821 983.031 
822 975.019 
823 966.948 
824 958.823 
825 950.644 
826 942.416 
827 934.141 
828 925.822 
829 917.462 
830 909.064 
831 900.63 
832 892.164 
833 883.668 
834 875.146 
835 866.6 
836 858.035 
837 849.452 
838 840.854 
839 832.246 
840 823.631 
841 815.011 
842 806.389 
843 797.77 
844 789.155 
845 780.55 
846 771.956 
847 763.378 
848 754.819 
849 746.282 
850 737.77 
851 729.288 
852 720.837 
853 712.418 
854 704.034 
855 695.685 
856 687.375 
857 679.104 
858 670.874 
859 662.688 
860 654.546 
861 646.451 
862 638.404 
863 630.408 
864 622.463 
865 614.573 
866 606.739 
867 598.962 
868 591.244 
869 583.589 
870 575.996 
871 568.469 
872 561.009 
873 553.618 
874 546.299 
875 539.053 
876 531.882 
877 524.787 
878 517.773 
879 510.839 
880 503.989 
881 497.224 
882 490.546 
883 483.958 
884 477.462 
885 471.059 
886 464.752 
887 458.543 
888 452.434 
889 446.428 
890 440.526 
891 434.731 
892 429.045 
893 423.47 
894 418.008 
895 412.662 
896 407.435 
897 402.327 
898 397.342 
899 392.481 
900 387.748 
901 383.144 
902 378.67 
903 374.324 
904 370.106 
905 366.017 
906 362.055 
907 358.22 
908 354.512 
909 350.93 
910 347.475 
911 344.145 
912 340.939 
913 337.859 
914 334.902 
915 332.069 
916 329.359 
917 326.771 
918 324.305 
919 321.961 
920 319.738 
921 317.635 
922 315.652 
923 313.788 
924 312.043 
925 310.416 
926 308.906 
927 307.514 
928 306.237 
929 305.076 
930 304.029 
931 303.098 
932 302.279 
933 301.574 
934 300.98 
935 300.499 
936 300.128 
937 299.867 
938 299.715 
939 299.672 
940 299.737 
941 299.909 
942 300.187 
943 300.571 
944 301.059 
945 301.651 
946 302.347 
947 303.144 
948 304.043 
949 305.043 
950 306.142 
951 307.34 
952 308.635 
953 310.025 
954 311.509 
955 313.085 
956 314.751 
957 316.505 
958 318.346 
959 320.272 
960 322.28 
961 324.369 
962 326.538 
963 328.783 
964 331.104 
965 333.499 
966 335.964 
967 338.499 
968 341.102 
969 343.769 
970 346.501 
971 349.293 
972 352.145 
973 355.054 
974 358.017 
975 361.034 
976 364.102 
977 367.218 
978 370.381 
979 373.587 
980 376.836 
981 380.124 
982 383.45 
983 386.811 
984 390.205 
985 393.63 
986 397.083 
987 400.561 
988 404.063 
989 407.586 
990 411.128 
991 414.686 
992 418.257 
993 421.84 
994 425.432 
995 429.029 
996 432.631 
997 436.233 
998 439.834 
999 443.431 
1000 447.021 
1001 450.602 
1002 454.173 
1003 457.732 
1004 461.278 
1005 464.81 
1006 468.327 
1007 471.828 
1008 475.312 
1009 478.777 
1010 482.222 
1011 485.646 
1012 489.048 
1013 492.426 
1014 495.779 
1015 499.107 
1016 502.408 
1017 505.68 
1018 508.922 
1019 512.134 
1020 515.313 
1021 518.459 
1022 521.57 
1023 524.645 
1024 527.682 
1025 530.681 
1026 533.639 
1027 536.556 
1028 539.431 
1029 542.261 
1030 545.045 
1031 547.783 
1032 550.473 
1033 553.112 
1034 555.701 
1035 558.237 
1036 560.719 
1037 563.146 
1038 565.516 
1039 567.828 
1040 570.08 
1041 572.271 
1042 574.399 
1043 576.463 
1044 578.462 
1045 580.393 
1046 582.256 
1047 584.049 
1048 585.769 
1049 587.417 
1050 588.99 
1051 590.486 
1052 591.907 
1053 593.251 
1054 594.519 
1055 595.71 
1056 596.826 
1057 597.866 
1058 598.829 
1059 599.717 
1060 600.529 
1061 601.265 
1062 601.926 
1063 602.511 
1064 603.02 
1065 603.455 
1066 603.813 
1067 604.097 
1068 604.306 
1069 604.439 
1070 604.498 
1071 604.481 
1072 604.39 
1073 604.225 
1074 603.985 
1075 603.671 
1076 603.282 
1077 602.82 
1078 602.283 
1079 601.673 
1080 600.989 
1081 600.231 
1082 599.4 
1083 598.496 
1084 597.518 
1085 596.468 
1086 595.345 
1087 594.149 
1088 592.88 
1089 591.54 
1090 590.127 
1091 588.642 
1092 587.085 
1093 585.457 
1094 583.757 
1095 581.986 
1096 580.144 
1097 578.231 
1098 576.248 
1099 574.193 
1100 572.069 
1101 569.875 
1102 567.611 
1103 565.281 
1104 562.885 
1105 560.424 
1106 557.9 
1107 555.314 
1108 552.669 
1109 549.964 
1110 547.203 
1111 544.386 
1112 541.514 
1113 538.59 
1114 535.615 
1115 532.59 
1116 529.517 
1117 526.397 
1118 523.233 
1119 520.025 
1120 516.775 
1121 513.485 
1122 510.157 
1123 506.792 
1124 503.392 
1125 499.958 
1126 496.493 
1127 492.997 
1128 489.473 
1129 485.922 
1130 482.346 
1131 478.746 
1132 475.126 
1133 471.485 
1134 467.827 
1135 464.152 
1136 460.463 
1137 456.761 
1138 453.049 
1139 449.327 
1140 445.599 
1141 441.866 
1142 438.129 
1143 434.391 
1144 430.653 
1145 426.918 
1146 423.187 
1147 419.463 
1148 415.747 
1149 412.041 
1150 408.348 
1151 404.668 
1152 401.004 
1153 397.356 
1154 393.725 
1155 390.112 
1156 386.518 
1157 382.944 
1158 379.392 
1159 375.861 
1160 372.353 
1161 368.87 
1162 365.411 
1163 361.979 
1164 358.573 
1165 355.196 
1166 351.848 
1167 348.53 
1168 345.243 
1169 341.989 
1170 338.768 
1171 335.581 
1172 332.43 
1173 329.315 
1174 326.238 
1175 323.2 
1176 320.201 
1177 317.244 
1178 314.328 
1179 311.456 
1180 308.628 
1181 305.845 
1182 303.109 
1183 300.421 
1184 297.781 
1185 295.192 
1186 292.653 
1187 290.167 
1188 287.735 
1189 285.356 
1190 283.034 
1191 280.769 
1192 278.562 
1193 276.415 
1194 274.328 
1195 272.303 
1196 270.341 
1197 268.443 
1198 266.611 
1199 264.846 
1200 263.149 
1201 261.521 
1202 259.962 
1203 258.472 
1204 257.05 
1205 255.697 
1206 254.412 
1207 253.194 
1208 252.045 
1209 250.963 
1210 249.948 
1211 248.999 
1212 248.118 
1213 247.302 
1214 246.553 
1215 245.87 
1216 245.252 
1217 244.699 
1218 244.212 
1219 243.789 
1220 243.43 
1221 243.135 
1222 242.905 
1223 242.738 
1224 242.633 
1225 242.592 
1226 242.614 
1227 242.697 
1228 242.843 
1229 243.05 
1230 243.319 
1231 243.648 
1232 244.038 
1233 244.489 
1234 244.999 
1235 245.569 
1236 246.198 
1237 246.887 
1238 247.633 
1239 248.438 
1240 249.301 
1241 250.221 
1242 251.199 
1243 252.233 
1244 253.323 
1245 254.47 
1246 255.672 
1247 256.929 
1248 258.241 
1249 259.608 
1250 261.028 
1251 262.502 
1252 264.029 
1253 265.607 
1254 267.236 
1255 268.914 
1256 270.64 
1257 272.414 
1258 274.234 
1259 276.099 
1260 278.008 
1261 279.96 
1262 281.953 
1263 283.988 
1264 286.061 
1265 288.174 
1266 290.323 
1267 292.508 
1268 294.729 
1269 296.983 
1270 299.27 
1271 301.588 
1272 303.936 
1273 306.313 
1274 308.718 
1275 311.149 
1276 313.606 
1277 316.087 
1278 318.59 
1279 321.115 
1280 323.661 
1281 326.225 
1282 328.807 
1283 331.406 
1284 334.019 
1285 336.647 
1286 339.287 
1287 341.939 
1288 344.6 
1289 347.269 
1290 349.946 
1291 352.629 
1292 355.317 
1293 358.007 
1294 360.699 
1295 363.392 
1296 366.083 
1297 368.772 
1298 371.457 
1299 374.137 
1300 376.81 
1301 379.475 
1302 382.131 
1303 384.777 
1304 387.412 
1305 390.035 
1306 392.645 
1307 395.242 
1308 397.825 
1309 400.392 
1310 402.942 
1311 405.476 
1312 407.99 
1313 410.486 
1314 412.961 
1315 415.416 
1316 417.848 
1317 420.257 
1318 422.641 
1319 425.001 
1320 427.335 
1321 429.642 
1322 431.92 
1323 434.17 
1324 436.389 
1325 438.577 
1326 440.733 
1327 442.856 
1328 444.945 
1329 446.998 
1330 449.016 
1331 450.996 
1332 452.937 
1333 454.839 
1334 456.701 
1335 458.521 
1336 460.298 
1337 462.031 
1338 463.72 
1339 465.363 
1340 466.959 
1341 468.506 
1342 470.004 
1343 471.452 
1344 472.849 
1345 474.193 
1346 475.483 
1347 476.718 
1348 477.897 
1349 479.019 
1350 480.083 
1351 481.087 
1352 482.032 
1353 482.918 
1354 483.745 
1355 484.513 
1356 485.223 
1357 485.875 
1358 486.469 
1359 487.005 
1360 487.483 
1361 487.905 
1362 488.269 
1363 488.576 
1364 488.827 
1365 489.021 
1366 489.159 
1367 489.242 
1368 489.269 
1369 489.24 
1370 489.156 
1371 489.018 
1372 488.825 
1373 488.578 
1374 488.276 
1375 487.921 
1376 487.513 
1377 487.051 
1378 486.536 
1379 485.969 
1380 485.349 
1381 484.677 
1382 483.953 
1383 483.178 
1384 482.351 
1385 481.474 
1386 480.545 
1387 479.567 
1388 478.538 
1389 477.46 
1390 476.332 
1391 475.155 
1392 473.93 
1393 472.655 
1394 471.333 
1395 469.963 
1396 468.545 
1397 467.08 
1398 465.568 
1399 464.01 
1400 462.405 
1401 460.754 
1402 459.059 
1403 457.318 
1404 455.534 
1405 453.706 
1406 451.836 
1407 449.924 
1408 447.97 
1409 445.976 
1410 443.941 
1411 441.868 
1412 439.756 
1413 437.605 
1414 435.418 
1415 433.194 
1416 430.934 
1417 428.639 
1418 426.31 
1419 423.947 
1420 421.551 
1421 419.122 
1422 416.662 
1423 414.172 
1424 411.651 
1425 409.101 
1426 406.522 
1427 403.915 
1428 401.282 
1429 398.621 
1430 395.936 
1431 393.225 
1432 390.491 
1433 387.733 
1434 384.953 
1435 382.151 
1436 379.328 
1437 376.486 
1438 373.624 
1439 370.743 
1440 367.845 
1441 364.93 
1442 361.999 
1443 359.052 
1444 356.092 
1445 353.117 
1446 350.13 
1447 347.132 
1448 344.122 
1449 341.102 
1450 338.073 
1451 335.035 
1452 331.99 
1453 328.938 
1454 325.88 
1455 322.817 
1456 319.75 
1457 316.68 
1458 313.607 
1459 310.533 
1460 307.458 
1461 304.383 
1462 301.31 
1463 298.239 
1464 295.17 
1465 292.106 
1466 289.046 
1467 285.992 
1468 282.945 
1469 279.905 
1470 276.874 
1471 273.852 
1472 270.84 
1473 267.84 
1474 264.852 
1475 261.878 
1476 258.917 
1477 255.972 
1478 253.043 
1479 250.131 
1480 247.237 
1481 244.363 
1482 241.508 
1483 238.674 
1484 235.863 
1485 233.074 
1486 230.31 
1487 227.571 
1488 224.858 
1489 222.172 
1490 219.514 
1491 216.886 
1492 214.288 
1493 211.721 
1494 209.187 
1495 206.686 
1496 204.22 
1497 201.789 
1498 199.395 
1499 197.038 
1500 194.721 
1501 192.443 
1502 190.205 
1503 188.007 
1504 185.85 
1505 183.732 
1506 181.655 
1507 179.619 
1508 177.623 
1509 175.667 
1510 173.752 
1511 171.878 
1512 170.045 
1513 168.253 
1514 166.501 
1515 164.791 
1516 163.122 
1517 161.494 
1518 159.908 
1519 158.363 
1520 156.859 
1521 155.397 
1522 153.977 
1523 152.599 
1524 151.262 
1525 149.967 
1526 148.715 
1527 147.504 
1528 146.335 
1529 145.209 
1530 144.125 
1531 143.083 
1532 142.084 
1533 141.127 
1534 140.213 
1535 139.342 
1536 138.514 
1537 137.728 
1538 136.985 
1539 136.286 
1540 135.629 
1541 135.015 
1542 134.445 
1543 133.918 
1544 133.435 
1545 132.995 
1546 132.598 
1547 132.245 
1548 131.936 
1549 131.67 
1550 131.449 
1551 131.271 
1552 131.136 
1553 131.044 
1554 130.994 
1555 130.985 
1556 131.016 
1557 131.088 
1558 131.198 
1559 131.347 
1560 131.534 
1561 131.757 
1562 132.017 
1563 132.312 
1564 132.643 
1565 133.007 
1566 133.405 
1567 133.835 
1568 134.298 
1569 134.791 
1570 135.315 
1571 135.869 
1572 136.451 
1573 137.062 
1574 137.7 
1575 138.365 
1576 139.055 
1577 139.771 
1578 140.511 
1579 141.274 
1580 142.06 
1581 142.868 
1582 143.697 
1583 144.547 
1584 145.416 
1585 146.304 
1586 147.209 
1587 148.132 
1588 149.071 
1589 150.025 
1590 150.994 
1591 151.977 
1592 152.972 
1593 153.98 
1594 154.999 
1595 156.028 
1596 157.066 
1597 158.113 
1598 159.168 
1599 160.23 
1600 161.298 
1601 162.371 
1602 163.449 
1603 164.531 
1604 165.617 
1605 166.706 
1606 167.798 
1607 168.893 
1608 169.99 
1609 171.089 
1610 172.19 
1611 173.291 
1612 174.393 
1613 175.495 
1614 176.596 
1615 177.697 
1616 178.796 
1617 179.894 
1618 180.989 
1619 182.082 
1620 183.172 
1621 184.258 
1622 185.341 
1623 186.419 
1624 187.492 
1625 188.56 
1626 189.622 
1627 190.678 
1628 191.727 
1629 192.77 
1630 193.804 
1631 194.83 
1632 195.848 
1633 196.857 
1634 197.856 
1635 198.846 
1636 199.824 
1637 200.792 
1638 201.748 
1639 202.693 
1640 203.625 
1641 204.544 
1642 205.449 
1643 206.341 
1644 207.218 
1645 208.08 
1646 208.927 
1647 209.758 
1648 210.572 
1649 211.37 
1650 212.15 
1651 212.912 
1652 213.656 
1653 214.381 
1654 215.088 
1655 215.776 
1656 216.445 
1657 217.096 
1658 217.727 
1659 218.338 
1660 218.93 
1661 219.502 
1662 220.054 
1663 220.586 
1664 221.097 
1665 221.588 
1666 222.058 
1667 222.507 
1668 222.934 
1669 223.341 
1670 223.726 
1671 224.089 
1672 224.43 
1673 224.749 
1674 225.046 
1675 225.32 
1676 225.572 
1677 225.8 
1678 226.006 
1679 226.188 
1680 226.346 
1681 226.481 
1682 226.592 
1683 226.679 
1684 226.742 
1685 226.78 
1686 226.793 
1687 226.781 
1688 226.745 
1689 226.682 
1690 226.595 
1691 226.481 
1692 226.342 
1693 226.176 
1694 225.984 
1695 225.766 
1696 225.521 
1697 225.248 
1698 224.949 
1699 224.622 
1700 224.267 
1701 223.885 
1702 223.475 
1703 223.038 
1704 222.573 
1705 222.083 
1706 221.566 
1707 221.023 
1708 220.455 
1709 219.861 
1710 219.243 
1711 218.6 
1712 217.932 
1713 217.241 
1714 216.526 
1715 215.788 
1716 215.027 
1717 214.244 
1718 213.438 
1719 212.611 
1720 211.762 
1721 210.892 
1722 210.001 
1723 209.09 
1724 208.159 
1725 207.208 
1726 206.238 
1727 205.248 
1728 204.241 
1729 203.215 
1730 202.171 
1731 201.11 
1732 200.031 
1733 198.936 
1734 197.825 
1735 196.697 
1736 195.554 
1737 194.396 
1738 193.223 
1739 192.036 
1740 190.835 
1741 189.62 
1742 188.392 
1743 187.151 
1744 185.897 
1745 184.632 
1746 183.355 
1747 182.066 
1748 180.767 
1749 179.458 
1750 178.138 
1751 176.809 
1752 175.471 
1753 174.125 
1754 172.77 
1755 171.409 
1756 170.04 
1757 168.666 
1758 167.286 
1759 165.901 
1760 164.511 
1761 163.118 
1762 161.722 
1763 160.323 
1764 158.922 
1765 157.52 
1766 156.117 
1767 154.714 
1768 153.311 
1769 151.91 
1770 150.51 
1771 149.112 
1772 147.718 
1773 146.326 
1774 144.94 
1775 143.558 
1776 142.181 
1777 140.811 
1778 139.447 
1779 138.091 
1780 136.742 
1781 135.403 
1782 134.072 
1783 132.752 
1784 131.442 
1785 130.144 
1786 128.858 
1787 127.584 
1788 126.323 
1789 125.077 
1790 123.845 
1791 122.629 
1792 121.428 
1793 120.244 
1794 119.078 
1795 117.929 
1796 116.8 
1797 115.69 
1798 114.6 
1799 113.53 
1800 112.483 
1801 111.457 
1802 110.454 
1803 109.473 
1804 108.513 
1805 107.576 
1806 106.661 
1807 105.768 
1808 104.896 
1809 104.046 
1810 103.218 
1811 102.411 
1812 101.626 
1813 100.863 
1814 100.121 
1815 99.4 
1816 98.7005 
1817 98.0221 
1818 97.365 
1819 96.7288 
1820 96.1137 
1821 95.5195 
1822 94.9461 
1823 94.3935 
1824 93.8616 
1825 93.3503 
1826 92.8595 
1827 92.3893 
1828 91.9394 
1829 91.5099 
1830 91.1005 
1831 90.7114 
1832 90.3424 
1833 89.9933 
1834 89.6642 
1835 89.355 
1836 89.0655 
1837 88.7957 
1838 88.5455 
1839 88.3148 
1840 88.1036 
1841 87.9118 
1842 87.7392 
1843 87.5858 
1844 87.4515 
1845 87.3363 
1846 87.24 
1847 87.1625 
1848 87.1038 
1849 87.0638 
1850 87.0424 
1851 87.0394 
1852 87.0548 
1853 87.0881 
1854 87.1394 
1855 87.2082 
1856 87.2944 
1857 87.3978 
1858 87.5181 
1859 87.6551 
1860 87.8085 
1861 87.9782 
1862 88.164 
1863 88.3654 
1864 88.5825 
1865 88.8148 
1866 89.0622 
1867 89.3244 
1868 89.6013 
1869 89.8924 
1870 90.1977 
1871 90.5169 
1872 90.8496 
1873 91.1958 
1874 91.555 
1875 91.9272 
1876 92.3119 
1877 92.7091 
1878 93.1184 
1879 93.5396 
1880 93.9724 
1881 94.4166 
1882 94.8718 
1883 95.338 
1884 95.8147 
1885 96.3018 
1886 96.799 
1887 97.306 
1888 97.8225 
1889 98.3483 
1890 98.8832 
1891 99.4268 
1892 99.9789 
1893 100.539 
1894 101.107 
1895 101.683 
1896 102.267 
1897 102.857 
1898 103.455 
1899 104.059 
1900 104.669 
1901 105.285 
1902 105.907 
1903 106.534 
1904 107.166 
1905 107.803 
1906 108.444 
1907 109.09 
1908 109.738 
1909 110.39 
1910 111.045 
1911 111.702 
1912 112.362 
1913 113.023 
1914 113.686 
1915 114.349 
1916 115.014 
1917 115.679 
1918 116.343 
1919 117.008 
1920 117.671 
1921 118.334 
1922 118.995 
1923 119.654 
1924 120.311 
1925 120.965 
1926 121.616 
1927 122.263 
1928 122.907 
1929 123.547 
1930 124.182 
1931 124.812 
1932 125.437 
1933 126.056 
1934 126.669 
1935 127.275 
1936 127.875 
1937 128.467 
1938 129.051 
1939 129.628 
1940 130.195 
1941 130.754 
1942 131.304 
1943 131.843 
1944 132.373 
1945 132.892 
1946 133.4 
1947 133.897 
1948 134.382 
1949 134.854 
1950 135.314 
1951 135.762 
1952 136.196 
1953 136.617 
1954 137.027 
1955 137.424 
1956 137.809 
1957 138.183 
1958 138.545 
1959 138.896 
1960 139.237 
1961 139.566 
1962 139.885 
1963 140.194 
1964 140.493 
1965 140.783 
1966 141.063 
1967 141.334 
1968 141.595 
1969 141.849 
1970 142.093 
1971 142.33 
1972 142.559 
1973 142.78 
1974 142.993 
1975 143.2 
1976 143.399 
1977 143.592 
1978 143.779 
1979 143.959 
1980 144.134 
1981 144.303 
1982 144.467 
1983 144.626 
1984 144.78 
1985 144.93 
1986 145.075 
1987 145.217 
1988 145.355 
1989 145.489 
1990 145.621 
1991 145.749 
1992 145.875 
1993 145.999 
1994 146.121 
1995 146.241 
1996 146.359 
1997 146.477 
1998 146.593 
1999 146.71 
2000 146.825 
