2 863.792 
3 831.422 
4 781.902 
5 740.158 
6 706.901 
7 679.935 
8 657.693 
9 638.589 
10 623.361 
11 609.917 
12 598.494 
13 588.123 
14 579.68 
15 573.074 
16 566.486 
17 560.479 
18 556.02 
19 553.375 
20 551.925 
21 550.519 
22 549.27 
23 548.561 
24 548.578 
25 549.26 
26 550.396 
27 552.071 
28 554.373 
29 557.26 
30 560.544 
31 563.982 
32 567.649 
33 571.698 
34 576.248 
35 581.385 
36 587.154 
37 593.558 
38 600.546 
39 608.014 
40 615.799 
41 623.727 
42 631.807 
43 640.092 
44 648.624 
45 657.441 
46 666.567 
47 676.016 
48 685.792 
49 695.881 
50 706.26 
51 716.899 
52 727.81 
53 739.013 
54 750.519 
55 762.336 
56 774.463 
57 786.895 
58 799.618 
59 812.609 
60 825.837 
61 839.273 
62 852.92 
63 866.786 
64 880.878 
65 895.201 
66 909.756 
67 924.543 
68 939.556 
69 954.79 
70 970.233 
71 985.875 
72 1001.72 
73 1017.76 
74 1034 
75 1050.45 
76 1067.09 
77 1083.93 
78 1100.95 
79 1118.15 
80 1135.52 
81 1153.04 
82 1170.72 
83 1188.55 
84 1206.54 
85 1224.67 
86 1242.95 
87 1261.38 
88 1279.94 
89 1298.63 
90 1317.44 
91 1336.36 
92 1355.4 
93 1374.54 
94 1393.79 
95 1413.13 
96 1432.56 
97 1452.07 
98 1471.66 
99 1491.32 
100 1511.04 
101 1530.81 
102 1550.62 
103 1570.48 
104 1590.38 
105 1610.31 
106 1630.27 
107 1650.26 
108 1670.28 
109 1690.31 
110 1710.35 
111 1730.41 
112 1750.46 
113 1770.5 
114 1790.54 
115 1810.55 
116 1830.53 
117 1850.48 
118 1870.38 
119 1890.22 
120 1910 
121 1929.7 
122 1949.33 
123 1968.87 
124 1988.32 
125 2007.67 
126 2026.92 
127 2046.07 
128 2065.1 
129 2084.01 
130 2102.81 
131 2121.47 
132 2139.99 
133 2158.37 
134 2176.61 
135 2194.68 
136 2212.6 
137 2230.34 
138 2247.9 
139 2265.28 
140 2282.47 
141 2299.45 
142 2316.23 
143 2332.8 
144 2349.15 
145 2365.29 
146 2381.19 
147 2396.87 
148 2412.31 
149 2427.51 
150 2442.47 
151 2457.18 
152 2471.63 
153 2485.82 
154 2499.75 
155 2513.4 
156 2526.79 
157 2539.89 
158 2552.71 
159 2565.23 
160 2577.46 
161 2589.4 
162 2601.02 
163 2612.34 
164 2623.35 
165 2634.04 
166 2644.41 
167 2654.46 
168 2664.19 
169 2673.59 
170 2682.65 
171 2691.38 
172 2699.77 
173 2707.82 
174 2715.52 
175 2722.87 
176 2729.88 
177 2736.53 
178 2742.82 
179 2748.75 
180 2754.32 
181 2759.53 
182 2764.37 
183 2768.84 
184 2772.94 
185 2776.68 
186 2780.05 
187 2783.05 
188 2785.67 
189 2787.93 
190 2789.83 
191 2791.35 
192 2792.5 
193 2793.29 
194 2793.71 
195 2793.76 
196 2793.45 
197 2792.77 
198 2791.73 
199 2790.33 
200 2788.57 
201 2786.45 
202 2783.98 
203 2781.15 
204 2777.97 
205 2774.43 
206 2770.55 
207 2766.31 
208 2761.72 
209 2756.79 
210 2751.52 
211 2745.9 
212 2739.95 
213 2733.66 
214 2727.03 
215 2720.07 
216 2712.79 
217 2705.17 
218 2697.24 
219 2688.99 
220 2680.42 
221 2671.54 
222 2662.35 
223 2652.86 
224 2643.06 
225 2632.98 
226 2622.6 
227 2611.93 
228 2600.98 
229 2589.75 
230 2578.25 
231 2566.47 
232 2554.44 
233 2542.14 
234 2529.59 
235 2516.79 
236 2503.75 
237 2490.46 
238 2476.95 
239 2463.21 
240 2449.25 
241 2435.07 
242 2420.68 
243 2406.1 
244 2391.32 
245 2376.35 
246 2361.2 
247 2345.87 
248 2330.38 
249 2314.73 
250 2298.93 
251 2282.99 
252 2266.9 
253 2250.69 
254 2234.34 
255 2217.88 
256 2201.29 
257 2184.6 
258 2167.8 
259 2150.9 
260 2133.9 
261 2116.82 
262 2099.65 
263 2082.41 
264 2065.1 
265 2047.73 
266 2030.3 
267 2012.82 
268 1995.3 
269 1977.73 
270 1960.14 
271 1942.52 
272 1924.89 
273 1907.24 
274 1889.59 
275 1871.95 
276 1854.32 
277 1836.7 
278 1819.1 
279 1801.54 
280 1784 
281 1766.51 
282 1749.06 
283 1731.65 
284 1714.31 
285 1697.03 
286 1679.81 
287 1662.66 
288 1645.6 
289 1628.62 
290 1611.73 
291 1594.93 
292 1578.24 
293 1561.66 
294 1545.19 
295 1528.84 
296 1512.62 
297 1496.53 
298 1480.58 
299 1464.77 
300 1449.12 
301 1433.62 
302 1418.28 
303 1403.1 
304 1388.1 
305 1373.26 
306 1358.59 
307 1344.11 
308 1329.8 
309 1315.67 
310 1301.73 
311 1287.98 
312 1274.42 
313 1261.06 
314 1247.89 
315 1234.92 
316 1222.15 
317 1209.59 
318 1197.24 
319 1185.1 
320 1173.16 
321 1161.45 
322 1149.95 
323 1138.67 
324 1127.61 
325 1116.77 
326 1106.16 
327 1095.78 
328 1085.62 
329 1075.7 
330 1066 
331 1056.55 
332 1047.32 
333 1038.34 
334 1029.59 
335 1021.08 
336 1012.82 
337 1004.79 
338 997.011 
339 989.474 
340 982.182 
341 975.135 
342 968.336 
343 961.783 
344 955.479 
345 949.422 
346 943.615 
347 938.056 
348 932.747 
349 927.687 
350 922.876 
351 918.315 
352 914.002 
353 909.938 
354 906.122 
355 902.553 
356 899.23 
357 896.153 
358 893.321 
359 890.731 
360 888.385 
361 886.279 
362 884.412 
363 882.784 
364 881.392 
365 880.234 
366 879.31 
367 878.616 
368 878.151 
369 877.912 
370 877.898 
371 878.105 
372 878.532 
373 879.175 
374 880.032 
375 881.1 
376 882.375 
377 883.856 
378 885.538 
379 887.417 
380 889.492 
381 891.757 
382 894.21 
383 896.846 
384 899.661 
385 902.651 
386 905.811 
387 909.139 
388 912.627 
389 916.274 
390 920.072 
391 924.018 
392 928.106 
393 932.331 
394 936.687 
395 941.17 
396 945.774 
397 950.492 
398 955.319 
399 960.249 
400 965.275 
401 970.392 
402 975.598 
403 980.889 
404 986.264 
405 991.72 
406 997.254 
407 1002.87 
408 1008.55 
409 1014.31 
410 1020.13 
411 1026.02 
412 1031.98 
413 1037.99 
414 1044.06 
415 1050.19 
416 1056.37 
417 1062.59 
418 1068.86 
419 1075.18 
420 1081.53 
421 1087.92 
422 1094.34 
423 1100.78 
424 1107.26 
425 1113.75 
426 1120.26 
427 1126.78 
428 1133.32 
429 1139.86 
430 1146.4 
431 1152.94 
432 1159.48 
433 1166 
434 1172.51 
435 1179 
436 1185.46 
437 1191.9 
438 1198.31 
439 1204.68 
440 1211 
441 1217.28 
442 1223.51 
443 1229.68 
444 1235.79 
445 1241.84 
446 1247.81 
447 1253.7 
448 1259.52 
449 1265.24 
450 1270.87 
451 1276.41 
452 1281.84 
453 1287.17 
454 1292.41 
455 1297.54 
456 1302.57 
457 1307.49 
458 1312.31 
459 1317.03 
460 1321.64 
461 1326.15 
462 1330.55 
463 1334.84 
464 1339.03 
465 1343.11 
466 1347.07 
467 1350.93 
468 1354.68 
469 1358.32 
470 1361.84 
471 1365.26 
472 1368.56 
473 1371.75 
474 1374.82 
475 1377.79 
476 1380.63 
477 1383.36 
478 1385.98 
479 1388.48 
480 1390.86 
481 1393.12 
482 1395.27 
483 1397.3 
484 1399.21 
485 1401 
486 1402.67 
487 1404.23 
488 1405.66 
489 1406.97 
490 1408.16 
491 1409.22 
492 1410.17 
493 1410.99 
494 1411.69 
495 1412.27 
496 1412.72 
497 1413.05 
498 1413.26 
499 1413.34 
500 1413.29 
501 1413.12 
502 1412.83 
503 1412.42 
504 1411.88 
505 1411.23 
506 1410.46 
507 1409.57 
508 1408.57 
509 1407.47 
510 1406.25 
511 1404.92 
512 1403.49 
513 1401.95 
514 1400.32 
515 1398.58 
516 1396.75 
517 1394.82 
518 1392.8 
519 1390.7 
520 1388.5 
521 1386.22 
522 1383.85 
523 1381.41 
524 1378.88 
525 1376.28 
526 1373.61 
527 1370.87 
528 1368.06 
529 1365.19 
530 1362.26 
531 1359.26 
532 1356.21 
533 1353.11 
534 1349.96 
535 1346.76 
536 1343.52 
537 1340.23 
538 1336.91 
539 1333.56 
540 1330.17 
541 1326.76 
542 1323.32 
543 1319.86 
544 1316.39 
545 1312.9 
546 1309.4 
547 1305.89 
548 1302.38 
549 1298.87 
550 1295.37 
551 1291.88 
552 1288.39 
553 1284.92 
554 1281.46 
555 1278.02 
556 1274.59 
557 1271.19 
558 1267.81 
559 1264.45 
560 1261.11 
561 1257.8 
562 1254.53 
563 1251.28 
564 1248.07 
565 1244.89 
566 1241.75 
567 1238.65 
568 1235.6 
569 1232.58 
570 1229.62 
571 1226.7 
572 1223.83 
573 1221.02 
574 1218.26 
575 1215.56 
576 1212.92 
577 1210.34 
578 1207.83 
579 1205.38 
580 1203.01 
581 1200.7 
582 1198.47 
583 1196.32 
584 1194.25 
585 1192.26 
586 1190.35 
587 1188.53 
588 1186.8 
589 1185.16 
590 1183.62 
591 1182.18 
592 1180.84 
593 1179.6 
594 1178.46 
595 1177.44 
596 1176.52 
597 1175.73 
598 1175.04 
599 1174.48 
600 1174.05 
601 1173.73 
602 1173.55 
603 1173.49 
604 1173.55 
605 1173.74 
606 1174.05 
607 1174.49 
608 1175.04 
609 1175.73 
610 1176.53 
611 1177.45 
612 1178.5 
613 1179.67 
614 1180.95 
615 1182.36 
616 1183.88 
617 1185.52 
618 1187.28 
619 1189.15 
620 1191.14 
621 1193.25 
622 1195.47 
623 1197.8 
624 1200.24 
625 1202.8 
626 1205.46 
627 1208.24 
628 1211.12 
629 1214.12 
630 1217.22 
631 1220.42 
632 1223.73 
633 1227.15 
634 1230.67 
635 1234.29 
636 1238.01 
637 1241.83 
638 1245.75 
639 1249.76 
640 1253.88 
641 1258.09 
642 1262.39 
643 1266.78 
644 1271.27 
645 1275.85 
646 1280.51 
647 1285.26 
648 1290.1 
649 1295.03 
650 1300.03 
651 1305.12 
652 1310.29 
653 1315.54 
654 1320.86 
655 1326.26 
656 1331.73 
657 1337.27 
658 1342.88 
659 1348.56 
660 1354.3 
661 1360.1 
662 1365.96 
663 1371.88 
664 1377.86 
665 1383.89 
666 1389.97 
667 1396.1 
668 1402.28 
669 1408.5 
670 1414.77 
671 1421.07 
672 1427.42 
673 1433.79 
674 1440.2 
675 1446.64 
676 1453.11 
677 1459.6 
678 1466.11 
679 1472.64 
680 1479.19 
681 1485.76 
682 1492.33 
683 1498.92 
684 1505.51 
685 1512.1 
686 1518.69 
687 1525.28 
688 1531.87 
689 1538.44 
690 1545.01 
691 1551.56 
692 1558.09 
693 1564.6 
694 1571.09 
695 1577.55 
696 1583.98 
697 1590.37 
698 1596.73 
699 1603.05 
700 1609.33 
701 1615.56 
702 1621.74 
703 1627.87 
704 1633.94 
705 1639.97 
706 1645.93 
707 1651.84 
708 1657.69 
709 1663.47 
710 1669.19 
711 1674.85 
712 1680.43 
713 1685.95 
714 1691.39 
715 1696.75 
716 1702.04 
717 1707.25 
718 1712.38 
719 1717.42 
720 1722.38 
721 1727.25 
722 1732.03 
723 1736.72 
724 1741.31 
725 1745.81 
726 1750.2 
727 1754.49 
728 1758.68 
729 1762.76 
730 1766.73 
731 1770.59 
732 1774.34 
733 1777.97 
734 1781.48 
735 1784.87 
736 1788.13 
737 1791.27 
738 1794.28 
739 1797.16 
740 1799.9 
741 1802.51 
742 1804.97 
743 1807.3 
744 1809.47 
745 1811.5 
746 1813.38 
747 1815.11 
748 1816.68 
749 1818.1 
750 1819.35 
751 1820.43 
752 1821.36 
753 1822.12 
754 1822.72 
755 1823.15 
756 1823.43 
757 1823.54 
758 1823.5 
759 1823.29 
760 1822.93 
761 1822.41 
762 1821.73 
763 1820.9 
764 1819.91 
765 1818.77 
766 1817.47 
767 1816.02 
768 1814.42 
769 1812.66 
770 1810.76 
771 1808.71 
772 1806.51 
773 1804.16 
774 1801.66 
775 1799.02 
776 1796.24 
777 1793.31 
778 1790.24 
779 1787.03 
780 1783.68 
781 1780.19 
782 1776.56 
783 1772.79 
784 1768.89 
785 1764.86 
786 1760.69 
787 1756.39 
788 1751.95 
789 1747.39 
790 1742.7 
791 1737.88 
792 1732.94 
793 1727.87 
794 1722.68 
795 1717.37 
796 1711.93 
797 1706.38 
798 1700.71 
799 1694.92 
800 1689.02 
801 1683.01 
802 1676.88 
803 1670.64 
804 1664.3 
805 1657.85 
806 1651.3 
807 1644.64 
808 1637.89 
809 1631.03 
810 1624.08 
811 1617.04 
812 1609.9 
813 1602.67 
814 1595.36 
815 1587.96 
816 1580.47 
817 1572.91 
818 1565.26 
819 1557.54 
820 1549.74 
821 1541.87 
822 1533.93 
823 1525.93 
824 1517.85 
825 1509.71 
826 1501.52 
827 1493.26 
828 1484.95 
829 1476.58 
830 1468.16 
831 1459.69 
832 1451.18 
833 1442.62 
834 1434.03 
835 1425.39 
836 1416.72 
837 1408.01 
838 1399.27 
839 1390.51 
840 1381.72 
841 1372.91 
842 1364.08 
843 1355.23 
844 1346.37 
845 1337.5 
846 1328.61 
847 1319.73 
848 1310.84 
849 1301.95 
850 1293.07 
851 1284.19 
852 1275.32 
853 1266.46 
854 1257.61 
855 1248.78 
856 1239.97 
857 1231.17 
858 1222.4 
859 1213.64 
860 1204.92 
861 1196.22 
862 1187.55 
863 1178.91 
864 1170.31 
865 1161.74 
866 1153.21 
867 1144.72 
868 1136.27 
869 1127.87 
870 1119.52 
871 1111.21 
872 1102.96 
873 1094.76 
874 1086.62 
875 1078.54 
876 1070.52 
877 1062.57 
878 1054.68 
879 1046.86 
880 1039.11 
881 1031.43 
882 1023.83 
883 1016.31 
884 1008.88 
885 1001.52 
886 994.256 
887 987.078 
888 979.992 
889 973.001 
890 966.107 
891 959.313 
892 952.622 
893 946.036 
894 939.558 
895 933.191 
896 926.937 
897 920.8 
898 914.782 
899 908.886 
900 903.116 
901 897.472 
902 891.956 
903 886.567 
904 881.305 
905 876.169 
906 871.16 
907 866.277 
908 861.52 
909 856.887 
910 852.38 
911 847.997 
912 843.739 
913 839.604 
914 835.593 
915 831.704 
916 827.939 
917 824.295 
918 820.774 
919 817.373 
920 814.094 
921 810.934 
922 807.895 
923 804.976 
924 802.175 
925 799.493 
926 796.928 
927 794.482 
928 792.152 
929 789.938 
930 787.841 
931 785.859 
932 783.991 
933 782.238 
934 780.598 
935 779.071 
936 777.657 
937 776.354 
938 775.163 
939 774.082 
940 773.111 
941 772.249 
942 771.495 
943 770.849 
944 770.311 
945 769.879 
946 769.553 
947 769.332 
948 769.215 
949 769.201 
950 769.291 
951 769.482 
952 769.774 
953 770.165 
954 770.653 
955 771.236 
956 771.914 
957 772.683 
958 773.543 
959 774.492 
960 775.528 
961 776.65 
962 777.855 
963 779.141 
964 780.508 
965 781.952 
966 783.473 
967 785.069 
968 786.737 
969 788.475 
970 790.282 
971 792.157 
972 794.095 
973 796.097 
974 798.16 
975 800.281 
976 802.459 
977 804.693 
978 806.978 
979 809.315 
980 811.7 
981 814.131 
982 816.606 
983 819.124 
984 821.682 
985 824.277 
986 826.908 
987 829.572 
988 832.267 
989 834.991 
990 837.741 
991 840.515 
992 843.311 
993 846.127 
994 848.959 
995 851.806 
996 854.666 
997 857.535 
998 860.412 
999 863.293 
1000 866.177 
1001 869.061 
1002 871.944 
1003 874.825 
1004 877.703 
1005 880.577 
1006 883.445 
1007 886.307 
1008 889.163 
1009 892.009 
1010 894.847 
1011 897.674 
1012 900.49 
1013 903.294 
1014 906.084 
1015 908.859 
1016 911.618 
1017 914.361 
1018 917.086 
1019 919.791 
1020 922.477 
1021 925.141 
1022 927.782 
1023 930.4 
1024 932.993 
1025 935.56 
1026 938.1 
1027 940.612 
1028 943.094 
1029 945.545 
1030 947.965 
1031 950.351 
1032 952.703 
1033 955.019 
1034 957.299 
1035 959.54 
1036 961.742 
1037 963.903 
1038 966.022 
1039 968.098 
1040 970.13 
1041 972.116 
1042 974.055 
1043 975.945 
1044 977.786 
1045 979.575 
1046 981.312 
1047 982.995 
1048 984.623 
1049 986.195 
1050 987.709 
1051 989.163 
1052 990.558 
1053 991.893 
1054 993.167 
1055 994.381 
1056 995.533 
1057 996.624 
1058 997.652 
1059 998.618 
1060 999.522 
1061 1000.36 
1062 1001.14 
1063 1001.85 
1064 1002.5 
1065 1003.08 
1066 1003.6 
1067 1004.05 
1068 1004.44 
1069 1004.76 
1070 1005.01 
1071 1005.2 
1072 1005.31 
1073 1005.36 
1074 1005.35 
1075 1005.26 
1076 1005.1 
1077 1004.87 
1078 1004.58 
1079 1004.21 
1080 1003.77 
1081 1003.26 
1082 1002.68 
1083 1002.02 
1084 1001.3 
1085 1000.5 
1086 999.624 
1087 998.677 
1088 997.655 
1089 996.558 
1090 995.386 
1091 994.138 
1092 992.814 
1093 991.414 
1094 989.937 
1095 988.382 
1096 986.749 
1097 985.038 
1098 983.248 
1099 981.38 
1100 979.431 
1101 977.403 
1102 975.296 
1103 973.111 
1104 970.851 
1105 968.516 
1106 966.107 
1107 963.627 
1108 961.076 
1109 958.456 
1110 955.768 
1111 953.014 
1112 950.195 
1113 947.312 
1114 944.368 
1115 941.363 
1116 938.299 
1117 935.178 
1118 932.001 
1119 928.769 
1120 925.485 
1121 922.149 
1122 918.763 
1123 915.329 
1124 911.849 
1125 908.324 
1126 904.755 
1127 901.144 
1128 897.493 
1129 893.804 
1130 890.078 
1131 886.317 
1132 882.522 
1133 878.696 
1134 874.84 
1135 870.955 
1136 867.044 
1137 863.107 
1138 859.148 
1139 855.168 
1140 851.168 
1141 847.15 
1142 843.116 
1143 839.069 
1144 835.009 
1145 830.938 
1146 826.86 
1147 822.774 
1148 818.684 
1149 814.591 
1150 810.498 
1151 806.405 
1152 802.314 
1153 798.227 
1154 794.144 
1155 790.067 
1156 785.997 
1157 781.935 
1158 777.882 
1159 773.84 
1160 769.81 
1161 765.793 
1162 761.79 
1163 757.803 
1164 753.832 
1165 749.88 
1166 745.947 
1167 742.034 
1168 738.144 
1169 734.276 
1170 730.434 
1171 726.617 
1172 722.827 
1173 719.066 
1174 715.334 
1175 711.634 
1176 707.966 
1177 704.332 
1178 700.734 
1179 697.172 
1180 693.648 
1181 690.164 
1182 686.721 
1183 683.319 
1184 679.962 
1185 676.65 
1186 673.384 
1187 670.166 
1188 666.998 
1189 663.88 
1190 660.816 
1191 657.804 
1192 654.849 
1193 651.95 
1194 649.11 
1195 646.329 
1196 643.61 
1197 640.954 
1198 638.362 
1199 635.836 
1200 633.378 
1201 630.989 
1202 628.669 
1203 626.417 
1204 624.233 
1205 622.118 
1206 620.07 
1207 618.089 
1208 616.176 
1209 614.329 
1210 612.548 
1211 610.834 
1212 609.185 
1213 607.601 
1214 606.083 
1215 604.629 
1216 603.239 
1217 601.914 
1218 600.651 
1219 599.453 
1220 598.317 
1221 597.243 
1222 596.232 
1223 595.282 
1224 594.394 
1225 593.567 
1226 592.8 
1227 592.093 
1228 591.447 
1229 590.859 
1230 590.331 
1231 589.861 
1232 589.449 
1233 589.095 
1234 588.798 
1235 588.558 
1236 588.375 
1237 588.247 
1238 588.175 
1239 588.158 
1240 588.196 
1241 588.288 
1242 588.434 
1243 588.633 
1244 588.884 
1245 589.189 
1246 589.545 
1247 589.952 
1248 590.41 
1249 590.919 
1250 591.478 
1251 592.086 
1252 592.742 
1253 593.447 
1254 594.199 
1255 594.998 
1256 595.842 
1257 596.732 
1258 597.666 
1259 598.644 
1260 599.665 
1261 600.728 
1262 601.833 
1263 602.978 
1264 604.164 
1265 605.388 
1266 606.651 
1267 607.952 
1268 609.289 
1269 610.663 
1270 612.072 
1271 613.515 
1272 614.992 
1273 616.502 
1274 618.044 
1275 619.617 
1276 621.221 
1277 622.854 
1278 624.516 
1279 626.206 
1280 627.922 
1281 629.665 
1282 631.433 
1283 633.226 
1284 635.042 
1285 636.881 
1286 638.742 
1287 640.623 
1288 642.524 
1289 644.445 
1290 646.384 
1291 648.34 
1292 650.312 
1293 652.299 
1294 654.301 
1295 656.317 
1296 658.345 
1297 660.385 
1298 662.435 
1299 664.495 
1300 666.564 
1301 668.64 
1302 670.723 
1303 672.811 
1304 674.903 
1305 676.997 
1306 679.093 
1307 681.189 
1308 683.284 
1309 685.376 
1310 687.465 
1311 689.548 
1312 691.625 
1313 693.694 
1314 695.754 
1315 697.803 
1316 699.841 
1317 701.865 
1318 703.875 
1319 705.868 
1320 707.844 
1321 709.802 
1322 711.739 
1323 713.654 
1324 715.547 
1325 717.415 
1326 719.257 
1327 721.071 
1328 722.857 
1329 724.612 
1330 726.336 
1331 728.027 
1332 729.682 
1333 731.302 
1334 732.883 
1335 734.425 
1336 735.927 
1337 737.386 
1338 738.801 
1339 740.171 
1340 741.494 
1341 742.768 
1342 743.992 
1343 745.165 
1344 746.284 
1345 747.348 
1346 748.356 
1347 749.305 
1348 750.195 
1349 751.023 
1350 751.789 
1351 752.49 
1352 753.126 
1353 753.7 
1354 754.21 
1355 754.657 
1356 755.043 
1357 755.366 
1358 755.629 
1359 755.832 
1360 755.974 
1361 756.057 
1362 756.081 
1363 756.047 
1364 755.955 
1365 755.807 
1366 755.601 
1367 755.34 
1368 755.023 
1369 754.651 
1370 754.226 
1371 753.746 
1372 753.214 
1373 752.629 
1374 751.992 
1375 751.304 
1376 750.566 
1377 749.777 
1378 748.94 
1379 748.053 
1380 747.119 
1381 746.137 
1382 745.108 
1383 744.033 
1384 742.913 
1385 741.747 
1386 740.538 
1387 739.285 
1388 737.989 
1389 736.652 
1390 735.272 
1391 733.852 
1392 732.392 
1393 730.893 
1394 729.354 
1395 727.778 
1396 726.165 
1397 724.515 
1398 722.829 
1399 721.108 
1400 719.352 
1401 717.563 
1402 715.741 
1403 713.885 
1404 711.996 
1405 710.074 
1406 708.12 
1407 706.134 
1408 704.116 
1409 702.066 
1410 699.984 
1411 697.872 
1412 695.728 
1413 693.553 
1414 691.348 
1415 689.112 
1416 686.847 
1417 684.552 
1418 682.227 
1419 679.873 
1420 677.49 
1421 675.078 
1422 672.638 
1423 670.17 
1424 667.673 
1425 665.15 
1426 662.598 
1427 660.02 
1428 657.415 
1429 654.783 
1430 652.125 
1431 649.442 
1432 646.732 
1433 643.997 
1434 641.237 
1435 638.452 
1436 635.643 
1437 632.81 
1438 629.952 
1439 627.071 
1440 624.167 
1441 621.24 
1442 618.29 
1443 615.317 
1444 612.323 
1445 609.306 
1446 606.269 
1447 603.21 
1448 600.13 
1449 597.03 
1450 593.91 
1451 590.77 
1452 587.611 
1453 584.434 
1454 581.24 
1455 578.03 
1456 574.804 
1457 571.565 
1458 568.312 
1459 565.048 
1460 561.772 
1461 558.485 
1462 555.19 
1463 551.886 
1464 548.575 
1465 545.258 
1466 541.935 
1467 538.608 
1468 535.278 
1469 531.946 
1470 528.613 
1471 525.279 
1472 521.947 
1473 518.616 
1474 515.289 
1475 511.965 
1476 508.647 
1477 505.335 
1478 502.03 
1479 498.734 
1480 495.447 
1481 492.171 
1482 488.906 
1483 485.655 
1484 482.417 
1485 479.194 
1486 475.987 
1487 472.798 
1488 469.627 
1489 466.476 
1490 463.345 
1491 460.236 
1492 457.15 
1493 454.089 
1494 451.052 
1495 448.043 
1496 445.06 
1497 442.107 
1498 439.184 
1499 436.292 
1500 433.433 
1501 430.607 
1502 427.815 
1503 425.058 
1504 422.335 
1505 419.648 
1506 416.996 
1507 414.381 
1508 411.801 
1509 409.258 
1510 406.753 
1511 404.285 
1512 401.854 
1513 399.462 
1514 397.109 
1515 394.794 
1516 392.52 
1517 390.285 
1518 388.09 
1519 385.935 
1520 383.822 
1521 381.75 
1522 379.72 
1523 377.733 
1524 375.787 
1525 373.885 
1526 372.027 
1527 370.212 
1528 368.441 
1529 366.715 
1530 365.034 
1531 363.399 
1532 361.81 
1533 360.266 
1534 358.77 
1535 357.321 
1536 355.919 
1537 354.565 
1538 353.26 
1539 352.004 
1540 350.797 
1541 349.639 
1542 348.532 
1543 347.475 
1544 346.469 
1545 345.515 
1546 344.613 
1547 343.762 
1548 342.965 
1549 342.221 
1550 341.53 
1551 340.893 
1552 340.309 
1553 339.778 
1554 339.298 
1555 338.868 
1556 338.487 
1557 338.155 
1558 337.87 
1559 337.632 
1560 337.439 
1561 337.29 
1562 337.185 
1563 337.123 
1564 337.102 
1565 337.122 
1566 337.181 
1567 337.278 
1568 337.413 
1569 337.585 
1570 337.792 
1571 338.033 
1572 338.308 
1573 338.614 
1574 338.952 
1575 339.32 
1576 339.718 
1577 340.143 
1578 340.595 
1579 341.073 
1580 341.576 
1581 342.102 
1582 342.651 
1583 343.221 
1584 343.812 
1585 344.421 
1586 345.049 
1587 345.694 
1588 346.354 
1589 347.03 
1590 347.718 
1591 348.419 
1592 349.131 
1593 349.854 
1594 350.585 
1595 351.323 
1596 352.068 
1597 352.819 
1598 353.573 
1599 354.33 
1600 355.089 
1601 355.848 
1602 356.608 
1603 357.368 
1604 358.127 
1605 358.886 
1606 359.644 
1607 360.402 
1608 361.158 
1609 361.913 
1610 362.666 
1611 363.418 
1612 364.167 
1613 364.915 
1614 365.659 
1615 366.401 
1616 367.14 
1617 367.876 
1618 368.609 
1619 369.338 
1620 370.063 
1621 370.783 
1622 371.5 
1623 372.212 
1624 372.919 
1625 373.621 
1626 374.317 
1627 375.008 
1628 375.693 
1629 376.372 
1630 377.045 
1631 377.711 
1632 378.371 
1633 379.023 
1634 379.668 
1635 380.305 
1636 380.935 
1637 381.556 
1638 382.169 
1639 382.774 
1640 383.369 
1641 383.956 
1642 384.533 
1643 385.1 
1644 385.658 
1645 386.205 
1646 386.742 
1647 387.268 
1648 387.784 
1649 388.288 
1650 388.78 
1651 389.261 
1652 389.729 
1653 390.186 
1654 390.63 
1655 391.061 
1656 391.479 
1657 391.884 
1658 392.276 
1659 392.653 
1660 393.018 
1661 393.367 
1662 393.703 
1663 394.024 
1664 394.33 
1665 394.621 
1666 394.896 
1667 395.156 
1668 395.4 
1669 395.628 
1670 395.84 
1671 396.035 
1672 396.213 
1673 396.374 
1674 396.518 
1675 396.645 
1676 396.753 
1677 396.843 
1678 396.915 
1679 396.969 
1680 397.003 
1681 397.018 
1682 397.014 
1683 396.991 
1684 396.947 
1685 396.883 
1686 396.799 
1687 396.694 
1688 396.569 
1689 396.422 
1690 396.253 
1691 396.063 
1692 395.85 
1693 395.616 
1694 395.358 
1695 395.078 
1696 394.775 
1697 394.448 
1698 394.098 
1699 393.724 
1700 393.325 
1701 392.903 
1702 392.455 
1703 391.983 
1704 391.487 
1705 390.967 
1706 390.422 
1707 389.853 
1708 389.26 
1709 388.642 
1710 388.001 
1711 387.335 
1712 386.645 
1713 385.932 
1714 385.194 
1715 384.433 
1716 383.648 
1717 382.839 
1718 382.006 
1719 381.149 
1720 380.269 
1721 379.366 
1722 378.438 
1723 377.488 
1724 376.514 
1725 375.516 
1726 374.496 
1727 373.452 
1728 372.384 
1729 371.294 
1730 370.18 
1731 369.044 
1732 367.884 
1733 366.702 
1734 365.497 
1735 364.268 
1736 363.018 
1737 361.744 
1738 360.448 
1739 359.129 
1740 357.788 
1741 356.424 
1742 355.038 
1743 353.629 
1744 352.199 
1745 350.746 
1746 349.27 
1747 347.773 
1748 346.254 
1749 344.713 
1750 343.15 
1751 341.565 
1752 339.96 
1753 338.334 
1754 336.69 
1755 335.027 
1756 333.347 
1757 331.652 
1758 329.941 
1759 328.215 
1760 326.477 
1761 324.726 
1762 322.963 
1763 321.191 
1764 319.409 
1765 317.618 
1766 315.82 
1767 314.016 
1768 312.206 
1769 310.392 
1770 308.575 
1771 306.755 
1772 304.934 
1773 303.112 
1774 301.291 
1775 299.472 
1776 297.656 
1777 295.843 
1778 294.036 
1779 292.234 
1780 290.439 
1781 288.653 
1782 286.875 
1783 285.107 
1784 283.351 
1785 281.607 
1786 279.877 
1787 278.161 
1788 276.46 
1789 274.776 
1790 273.11 
1791 271.463 
1792 269.836 
1793 268.23 
1794 266.646 
1795 265.086 
1796 263.55 
1797 262.04 
1798 260.557 
1799 259.101 
1800 257.675 
1801 256.278 
1802 254.912 
1803 253.575 
1804 252.268 
1805 250.989 
1806 249.74 
1807 248.518 
1808 247.325 
1809 246.16 
1810 245.022 
1811 243.911 
1812 242.828 
1813 241.77 
1814 240.74 
1815 239.735 
1816 238.755 
1817 237.801 
1818 236.872 
1819 235.968 
1820 235.087 
1821 234.231 
1822 233.399 
1823 232.59 
1824 231.803 
1825 231.04 
1826 230.299 
1827 229.579 
1828 228.882 
1829 228.206 
1830 227.55 
1831 226.915 
1832 226.301 
1833 225.706 
1834 225.131 
1835 224.575 
1836 224.039 
1837 223.52 
1838 223.02 
1839 222.537 
1840 222.072 
1841 221.624 
1842 221.192 
1843 220.777 
1844 220.378 
1845 219.995 
1846 219.626 
1847 219.273 
1848 218.934 
1849 218.609 
1850 218.297 
1851 217.999 
1852 217.715 
1853 217.443 
1854 217.185 
1855 216.939 
1856 216.707 
1857 216.487 
1858 216.28 
1859 216.086 
1860 215.904 
1861 215.735 
1862 215.578 
1863 215.433 
1864 215.301 
1865 215.181 
1866 215.073 
1867 214.977 
1868 214.893 
1869 214.821 
1870 214.761 
1871 214.712 
1872 214.675 
1873 214.649 
1874 214.635 
1875 214.632 
1876 214.64 
1877 214.659 
1878 214.689 
1879 214.73 
1880 214.783 
1881 214.845 
1882 214.919 
1883 215.003 
1884 215.097 
1885 215.202 
1886 215.317 
1887 215.443 
1888 215.578 
1889 215.723 
1890 215.879 
1891 216.044 
1892 216.218 
1893 216.403 
1894 216.596 
1895 216.8 
1896 217.012 
1897 217.234 
1898 217.465 
1899 217.704 
1900 217.953 
1901 218.21 
1902 218.476 
1903 218.75 
1904 219.032 
1905 219.321 
1906 219.617 
1907 219.92 
1908 220.229 
1909 220.544 
1910 220.864 
1911 221.19 
1912 221.521 
1913 221.856 
1914 222.195 
1915 222.538 
1916 222.884 
1917 223.234 
1918 223.586 
1919 223.94 
1920 224.296 
1921 224.654 
1922 225.013 
1923 225.372 
1924 225.732 
1925 226.092 
1926 226.452 
1927 226.81 
1928 227.168 
1929 227.524 
1930 227.878 
1931 228.229 
1932 228.578 
1933 228.924 
1934 229.266 
1935 229.604 
1936 229.937 
1937 230.266 
1938 230.59 
1939 230.908 
1940 231.221 
1941 231.526 
1942 231.825 
1943 232.117 
1944 232.401 
1945 232.677 
1946 232.945 
1947 233.204 
1948 233.453 
1949 233.692 
1950 233.922 
1951 234.141 
1952 234.349 
1953 234.547 
1954 234.736 
1955 234.914 
1956 235.082 
1957 235.242 
1958 235.391 
1959 235.532 
1960 235.664 
1961 235.787 
1962 235.901 
1963 236.007 
1964 236.105 
1965 236.195 
1966 236.277 
1967 236.351 
1968 236.418 
1969 236.478 
1970 236.531 
1971 236.577 
1972 236.616 
1973 236.649 
1974 236.676 
1975 236.697 
1976 236.711 
1977 236.721 
1978 236.725 
1979 236.723 
1980 236.717 
1981 236.706 
1982 236.69 
1983 236.67 
1984 236.646 
1985 236.618 
1986 236.586 
1987 236.55 
1988 236.512 
1989 236.47 
1990 236.425 
1991 236.377 
1992 236.327 
1993 236.275 
1994 236.221 
1995 236.165 
1996 236.107 
1997 236.048 
1998 235.988 
1999 235.927 
2000 235.866 
