2 2.07324 
3 2.05035 
4 2.02627 
5 2.00587 
6 1.98774 
7 1.97108 
8 1.95541 
9 1.93939 
10 1.926 
11 1.91175 
12 1.89812 
13 1.8832 
14 1.86967 
15 1.85767 
16 1.8428 
17 1.82691 
18 1.81283 
19 1.80143 
20 1.79114 
21 1.7789 
22 1.76516 
23 1.75113 
24 1.73741 
25 1.72388 
26 1.70998 
27 1.69601 
28 1.6823 
29 1.66879 
30 1.65496 
31 1.64011 
32 1.62455 
33 1.60879 
34 1.59326 
35 1.57827 
36 1.564 
37 1.55049 
38 1.5376 
39 1.52504 
40 1.51229 
41 1.49882 
42 1.4847 
43 1.47012 
44 1.45526 
45 1.44026 
46 1.42524 
47 1.41026 
48 1.39535 
49 1.38048 
50 1.36558 
51 1.35058 
52 1.33553 
53 1.32053 
54 1.30563 
55 1.29089 
56 1.27633 
57 1.26194 
58 1.24771 
59 1.23356 
60 1.21941 
61 1.20518 
62 1.1909 
63 1.17661 
64 1.16236 
65 1.14819 
66 1.13412 
67 1.12016 
68 1.10633 
69 1.0926 
70 1.07896 
71 1.06539 
72 1.05191 
73 1.03853 
74 1.0253 
75 1.01222 
76 0.999307 
77 0.986559 
78 0.973973 
79 0.961537 
80 0.949231 
81 0.937034 
82 0.924962 
83 0.913034 
84 0.901267 
85 0.889673 
86 0.878261 
87 0.867037 
88 0.856001 
89 0.84515 
90 0.834475 
91 0.823968 
92 0.813638 
93 0.803495 
94 0.793547 
95 0.783798 
96 0.77425 
97 0.764904 
98 0.755754 
99 0.746795 
100 0.738015 
101 0.729407 
102 0.72098 
103 0.712748 
104 0.704724 
105 0.696919 
106 0.689343 
107 0.682006 
108 0.674914 
109 0.668073 
110 0.661489 
111 0.655163 
112 0.649098 
113 0.643293 
114 0.637747 
115 0.632454 
116 0.627411 
117 0.622609 
118 0.618038 
119 0.613689 
120 0.609547 
121 0.605601 
122 0.601853 
123 0.598309 
124 0.594973 
125 0.59185 
126 0.588944 
127 0.586256 
128 0.58379 
129 0.581546 
130 0.579525 
131 0.577726 
132 0.576148 
133 0.57479 
134 0.573647 
135 0.572717 
136 0.571994 
137 0.571473 
138 0.571147 
139 0.571008 
140 0.571048 
141 0.571258 
142 0.57164 
143 0.572194 
144 0.572923 
145 0.573827 
146 0.574907 
147 0.576165 
148 0.577599 
149 0.579209 
150 0.580995 
151 0.582955 
152 0.585088 
153 0.587391 
154 0.589862 
155 0.592498 
156 0.595295 
157 0.598249 
158 0.601356 
159 0.60461 
160 0.608007 
161 0.61154 
162 0.615208 
163 0.619011 
164 0.622945 
165 0.627011 
166 0.631205 
167 0.635525 
168 0.63997 
169 0.644535 
170 0.649218 
171 0.654016 
172 0.658924 
173 0.663938 
174 0.669054 
175 0.674268 
176 0.679573 
177 0.684966 
178 0.690439 
179 0.695986 
180 0.701602 
181 0.707281 
182 0.713018 
183 0.718811 
184 0.724658 
185 0.730556 
186 0.736501 
187 0.74249 
188 0.74852 
189 0.754587 
190 0.760688 
191 0.766818 
192 0.772974 
193 0.77915 
194 0.785342 
195 0.791546 
196 0.797757 
197 0.803969 
198 0.810177 
199 0.816375 
200 0.822559 
201 0.828722 
202 0.834864 
203 0.840983 
204 0.847078 
205 0.853149 
206 0.859196 
207 0.865216 
208 0.871211 
209 0.877178 
210 0.883117 
211 0.889028 
212 0.894909 
213 0.90076 
214 0.90658 
215 0.912369 
216 0.918125 
217 0.923848 
218 0.929537 
219 0.935192 
220 0.940811 
221 0.946394 
222 0.951941 
223 0.95745 
224 0.96292 
225 0.968352 
226 0.973744 
227 0.979094 
228 0.9844 
229 0.98966 
230 0.99487 
231 1.00003 
232 1.00513 
233 1.01018 
234 1.01517 
235 1.0201 
236 1.02497 
237 1.02976 
238 1.03449 
239 1.03914 
240 1.04372 
241 1.04822 
242 1.05264 
243 1.05697 
244 1.06122 
245 1.06537 
246 1.06943 
247 1.07339 
248 1.07725 
249 1.08101 
250 1.08466 
251 1.08819 
252 1.09162 
253 1.09493 
254 1.09814 
255 1.10124 
256 1.10424 
257 1.10713 
258 1.10993 
259 1.11262 
260 1.11521 
261 1.11771 
262 1.12011 
263 1.12243 
264 1.12465 
265 1.12679 
266 1.12884 
267 1.13081 
268 1.13271 
269 1.13452 
270 1.13627 
271 1.13794 
272 1.13955 
273 1.1411 
274 1.14258 
275 1.14401 
276 1.14539 
277 1.14671 
278 1.14798 
279 1.1492 
280 1.15037 
281 1.15149 
282 1.15256 
283 1.15358 
284 1.15455 
285 1.15548 
286 1.15635 
287 1.15718 
288 1.15796 
289 1.1587 
290 1.15939 
291 1.16004 
292 1.16065 
293 1.16121 
294 1.16173 
295 1.1622 
296 1.16264 
297 1.16304 
298 1.1634 
299 1.16372 
300 1.16401 
301 1.16426 
302 1.16447 
303 1.16465 
304 1.1648 
305 1.16491 
306 1.16499 
307 1.16504 
308 1.16505 
309 1.16504 
310 1.165 
311 1.16493 
312 1.16484 
313 1.16471 
314 1.16456 
315 1.16439 
316 1.16419 
317 1.16397 
318 1.16373 
319 1.16347 
320 1.16319 
321 1.16289 
322 1.16257 
323 1.16223 
324 1.16188 
325 1.16152 
326 1.16114 
327 1.16075 
328 1.16035 
329 1.15993 
330 1.15951 
331 1.15909 
332 1.15865 
333 1.15821 
334 1.15777 
335 1.15732 
336 1.15688 
337 1.15643 
338 1.15599 
339 1.15555 
340 1.15511 
341 1.15468 
342 1.15425 
343 1.15384 
344 1.15343 
345 1.15304 
346 1.15266 
347 1.15229 
348 1.15194 
349 1.15161 
350 1.15129 
351 1.151 
352 1.15073 
353 1.15048 
354 1.15026 
355 1.15005 
356 1.14988 
357 1.14972 
358 1.14959 
359 1.14949 
360 1.14941 
361 1.14936 
362 1.14933 
363 1.14934 
364 1.14937 
365 1.14942 
366 1.14951 
367 1.14963 
368 1.14978 
369 1.14996 
370 1.15017 
371 1.15041 
372 1.15068 
373 1.15099 
374 1.15132 
375 1.1517 
376 1.1521 
377 1.15254 
378 1.15302 
379 1.15353 
380 1.15407 
381 1.15465 
382 1.15527 
383 1.15593 
384 1.15662 
385 1.15735 
386 1.15812 
387 1.15893 
388 1.15977 
389 1.16066 
390 1.16159 
391 1.16255 
392 1.16356 
393 1.1646 
394 1.16569 
395 1.16682 
396 1.16799 
397 1.16921 
398 1.17047 
399 1.17177 
400 1.17311 
401 1.1745 
402 1.17593 
403 1.1774 
404 1.17891 
405 1.18046 
406 1.18206 
407 1.18369 
408 1.18536 
409 1.18707 
410 1.18881 
411 1.19059 
412 1.19241 
413 1.19425 
414 1.19613 
415 1.19805 
416 1.19999 
417 1.20196 
418 1.20396 
419 1.20598 
420 1.20803 
421 1.21011 
422 1.21221 
423 1.21433 
424 1.21647 
425 1.21863 
426 1.22081 
427 1.223 
428 1.22521 
429 1.22743 
430 1.22967 
431 1.23191 
432 1.23416 
433 1.23642 
434 1.23869 
435 1.24096 
436 1.24323 
437 1.2455 
438 1.24777 
439 1.25003 
440 1.25229 
441 1.25455 
442 1.25679 
443 1.25902 
444 1.26124 
445 1.26345 
446 1.26563 
447 1.2678 
448 1.26995 
449 1.27207 
450 1.27417 
451 1.27624 
452 1.27828 
453 1.2803 
454 1.28228 
455 1.28424 
456 1.28617 
457 1.28808 
458 1.28995 
459 1.29181 
460 1.29363 
461 1.29543 
462 1.2972 
463 1.29895 
464 1.30067 
465 1.30236 
466 1.30403 
467 1.30568 
468 1.3073 
469 1.3089 
470 1.31047 
471 1.31202 
472 1.31355 
473 1.31505 
474 1.31653 
475 1.31799 
476 1.31942 
477 1.32084 
478 1.32223 
479 1.3236 
480 1.32495 
481 1.32628 
482 1.32759 
483 1.32888 
484 1.33015 
485 1.3314 
486 1.33263 
487 1.33384 
488 1.33504 
489 1.33622 
490 1.33738 
491 1.33853 
492 1.33966 
493 1.34077 
494 1.34187 
495 1.34296 
496 1.34402 
497 1.34508 
498 1.34612 
499 1.34715 
500 1.34817 
501 1.34918 
502 1.35017 
503 1.35115 
504 1.35212 
505 1.35307 
506 1.35401 
507 1.35494 
508 1.35585 
509 1.35675 
510 1.35763 
511 1.35849 
512 1.35934 
513 1.36016 
514 1.36098 
515 1.36177 
516 1.36254 
517 1.3633 
518 1.36403 
519 1.36475 
520 1.36544 
521 1.36611 
522 1.36676 
523 1.36739 
524 1.36799 
525 1.36857 
526 1.36913 
527 1.36966 
528 1.37016 
529 1.37064 
530 1.37109 
531 1.37152 
532 1.37191 
533 1.37228 
534 1.37262 
535 1.37292 
536 1.3732 
537 1.37345 
538 1.37366 
539 1.37384 
540 1.37398 
541 1.3741 
542 1.37417 
543 1.37421 
544 1.37422 
545 1.37418 
546 1.37411 
547 1.374 
548 1.37385 
549 1.37366 
550 1.37343 
551 1.37316 
552 1.37285 
553 1.37249 
554 1.3721 
555 1.37166 
556 1.37119 
557 1.37068 
558 1.37013 
559 1.36954 
560 1.36891 
561 1.36825 
562 1.36756 
563 1.36683 
564 1.36607 
565 1.36527 
566 1.36444 
567 1.36358 
568 1.36269 
569 1.36177 
570 1.36081 
571 1.35983 
572 1.35883 
573 1.35779 
574 1.35673 
575 1.35564 
576 1.35453 
577 1.35339 
578 1.35223 
579 1.35105 
580 1.34985 
581 1.34863 
582 1.34739 
583 1.34613 
584 1.34485 
585 1.34356 
586 1.34225 
587 1.34092 
588 1.33958 
589 1.33823 
590 1.33687 
591 1.3355 
592 1.33412 
593 1.33272 
594 1.33133 
595 1.32992 
596 1.32851 
597 1.3271 
598 1.32568 
599 1.32426 
600 1.32284 
601 1.32142 
602 1.32 
603 1.31858 
604 1.31716 
605 1.31575 
606 1.31434 
607 1.31294 
608 1.31154 
609 1.31015 
610 1.30876 
611 1.30738 
612 1.30601 
613 1.30465 
614 1.30329 
615 1.30195 
616 1.30062 
617 1.2993 
618 1.29799 
619 1.2967 
620 1.29542 
621 1.29415 
622 1.2929 
623 1.29167 
624 1.29045 
625 1.28926 
626 1.28808 
627 1.28692 
628 1.28578 
629 1.28467 
630 1.28357 
631 1.2825 
632 1.28146 
633 1.28044 
634 1.27944 
635 1.27847 
636 1.27753 
637 1.27662 
638 1.27574 
639 1.27488 
640 1.27406 
641 1.27328 
642 1.27252 
643 1.2718 
644 1.27112 
645 1.27047 
646 1.26986 
647 1.26929 
648 1.26875 
649 1.26826 
650 1.26781 
651 1.2674 
652 1.26703 
653 1.2667 
654 1.26642 
655 1.26617 
656 1.26596 
657 1.26579 
658 1.26565 
659 1.26555 
660 1.26548 
661 1.26545 
662 1.26545 
663 1.26549 
664 1.26555 
665 1.26565 
666 1.26577 
667 1.26592 
668 1.2661 
669 1.2663 
670 1.26653 
671 1.26679 
672 1.26706 
673 1.26736 
674 1.26768 
675 1.26802 
676 1.26837 
677 1.26874 
678 1.26913 
679 1.26954 
680 1.26995 
681 1.27038 
682 1.27082 
683 1.27127 
684 1.27173 
685 1.2722 
686 1.27267 
687 1.27315 
688 1.27363 
689 1.27411 
690 1.27459 
691 1.27507 
692 1.27555 
693 1.27602 
694 1.27649 
695 1.27696 
696 1.27741 
697 1.27786 
698 1.27829 
699 1.27871 
700 1.27912 
701 1.27951 
702 1.27989 
703 1.28025 
704 1.2806 
705 1.28092 
706 1.28124 
707 1.28153 
708 1.28182 
709 1.28208 
710 1.28233 
711 1.28256 
712 1.28278 
713 1.28298 
714 1.28316 
715 1.28332 
716 1.28347 
717 1.28361 
718 1.28372 
719 1.28382 
720 1.28391 
721 1.28397 
722 1.28402 
723 1.28406 
724 1.28407 
725 1.28407 
726 1.28405 
727 1.28401 
728 1.28396 
729 1.28389 
730 1.2838 
731 1.2837 
732 1.28358 
733 1.28344 
734 1.28328 
735 1.2831 
736 1.28291 
737 1.2827 
738 1.28247 
739 1.28223 
740 1.28196 
741 1.28168 
742 1.28138 
743 1.28106 
744 1.28073 
745 1.28037 
746 1.28 
747 1.27961 
748 1.2792 
749 1.27877 
750 1.27833 
751 1.27786 
752 1.27738 
753 1.27688 
754 1.27636 
755 1.27582 
756 1.27526 
757 1.27469 
758 1.27409 
759 1.27348 
760 1.27285 
761 1.2722 
762 1.27153 
763 1.27084 
764 1.27013 
765 1.26941 
766 1.26866 
767 1.2679 
768 1.26712 
769 1.26632 
770 1.2655 
771 1.26466 
772 1.2638 
773 1.26292 
774 1.26203 
775 1.26111 
776 1.26018 
777 1.25923 
778 1.25826 
779 1.25727 
780 1.25626 
781 1.25523 
782 1.25418 
783 1.25312 
784 1.25203 
785 1.25093 
786 1.24981 
787 1.24866 
788 1.2475 
789 1.24632 
790 1.24512 
791 1.2439 
792 1.24267 
793 1.24141 
794 1.24013 
795 1.23884 
796 1.23753 
797 1.23619 
798 1.23484 
799 1.23347 
800 1.23208 
801 1.23067 
802 1.22924 
803 1.2278 
804 1.22633 
805 1.22486 
806 1.22336 
807 1.22185 
808 1.22033 
809 1.21879 
810 1.21724 
811 1.21568 
812 1.21411 
813 1.21253 
814 1.21094 
815 1.20934 
816 1.20773 
817 1.20612 
818 1.2045 
819 1.20288 
820 1.20125 
821 1.19962 
822 1.19798 
823 1.19634 
824 1.19471 
825 1.19307 
826 1.19143 
827 1.1898 
828 1.18817 
829 1.18654 
830 1.18492 
831 1.1833 
832 1.18169 
833 1.18008 
834 1.17849 
835 1.1769 
836 1.17533 
837 1.17376 
838 1.17221 
839 1.17067 
840 1.16915 
841 1.16764 
842 1.16615 
843 1.16468 
844 1.16322 
845 1.16179 
846 1.16037 
847 1.15898 
848 1.15761 
849 1.15626 
850 1.15494 
851 1.15364 
852 1.15237 
853 1.15113 
854 1.1499 
855 1.1487 
856 1.14752 
857 1.14636 
858 1.14521 
859 1.14409 
860 1.14298 
861 1.14188 
862 1.1408 
863 1.13973 
864 1.13867 
865 1.13763 
866 1.13659 
867 1.13556 
868 1.13453 
869 1.13351 
870 1.13249 
871 1.13148 
872 1.13046 
873 1.12945 
874 1.12844 
875 1.12742 
876 1.12639 
877 1.12536 
878 1.12433 
879 1.12328 
880 1.12223 
881 1.12116 
882 1.12008 
883 1.11899 
884 1.11788 
885 1.11676 
886 1.11561 
887 1.11444 
888 1.11326 
889 1.11205 
890 1.11081 
891 1.10955 
892 1.10826 
893 1.10694 
894 1.10558 
895 1.1042 
896 1.10278 
897 1.10133 
898 1.09983 
899 1.0983 
900 1.09672 
901 1.09511 
902 1.09345 
903 1.09175 
904 1.09001 
905 1.08824 
906 1.08643 
907 1.08458 
908 1.08271 
909 1.0808 
910 1.07886 
911 1.07689 
912 1.0749 
913 1.07288 
914 1.07083 
915 1.06877 
916 1.06668 
917 1.06458 
918 1.06245 
919 1.06031 
920 1.05816 
921 1.056 
922 1.05382 
923 1.05163 
924 1.04944 
925 1.04724 
926 1.04504 
927 1.04284 
928 1.04063 
929 1.03843 
930 1.03623 
931 1.03403 
932 1.03184 
933 1.02966 
934 1.02749 
935 1.02534 
936 1.02319 
937 1.02107 
938 1.01896 
939 1.01687 
940 1.0148 
941 1.01276 
942 1.01074 
943 1.00875 
944 1.00679 
945 1.00486 
946 1.00297 
947 1.00111 
948 0.999292 
949 0.997512 
950 0.995774 
951 0.99408 
952 0.99243 
953 0.990823 
954 0.98926 
955 0.987738 
956 0.986258 
957 0.98482 
958 0.983423 
959 0.982066 
960 0.980749 
961 0.979471 
962 0.978232 
963 0.977031 
964 0.975868 
965 0.974743 
966 0.973653 
967 0.9726 
968 0.971583 
969 0.9706 
970 0.969652 
971 0.968737 
972 0.967855 
973 0.967006 
974 0.966189 
975 0.965404 
976 0.964649 
977 0.963924 
978 0.963228 
979 0.962562 
980 0.961923 
981 0.961312 
982 0.960728 
983 0.96017 
984 0.959638 
985 0.95913 
986 0.958647 
987 0.958187 
988 0.95775 
989 0.957335 
990 0.956941 
991 0.956568 
992 0.956214 
993 0.95588 
994 0.955565 
995 0.955267 
996 0.954986 
997 0.954721 
998 0.954472 
999 0.954237 
1000 0.954016 
1001 0.953808 
1002 0.953612 
1003 0.953428 
1004 0.953255 
1005 0.953091 
1006 0.952937 
1007 0.952791 
1008 0.952652 
1009 0.95252 
1010 0.952393 
1011 0.952272 
1012 0.952154 
1013 0.95204 
1014 0.951928 
1015 0.951817 
1016 0.951707 
1017 0.951597 
1018 0.951485 
1019 0.951371 
1020 0.951254 
1021 0.951133 
1022 0.951007 
1023 0.950876 
1024 0.950737 
1025 0.950591 
1026 0.950436 
1027 0.950271 
1028 0.950096 
1029 0.949909 
1030 0.949709 
1031 0.949496 
1032 0.949269 
1033 0.949025 
1034 0.948765 
1035 0.948488 
1036 0.948191 
1037 0.947875 
1038 0.947539 
1039 0.94718 
1040 0.946799 
1041 0.946393 
1042 0.945963 
1043 0.945506 
1044 0.945022 
1045 0.94451 
1046 0.943969 
1047 0.943397 
1048 0.942793 
1049 0.942157 
1050 0.941486 
1051 0.940781 
1052 0.940042 
1053 0.939269 
1054 0.938464 
1055 0.937626 
1056 0.936758 
1057 0.935859 
1058 0.934931 
1059 0.933975 
1060 0.93299 
1061 0.931979 
1062 0.930942 
1063 0.929879 
1064 0.928793 
1065 0.927683 
1066 0.92655 
1067 0.925396 
1068 0.924221 
1069 0.923026 
1070 0.921812 
1071 0.92058 
1072 0.919331 
1073 0.918066 
1074 0.916786 
1075 0.915492 
1076 0.914184 
1077 0.912864 
1078 0.911533 
1079 0.910191 
1080 0.90884 
1081 0.90748 
1082 0.906113 
1083 0.90474 
1084 0.903362 
1085 0.901979 
1086 0.900592 
1087 0.899204 
1088 0.897814 
1089 0.896424 
1090 0.895035 
1091 0.893648 
1092 0.892264 
1093 0.890885 
1094 0.88951 
1095 0.888142 
1096 0.886781 
1097 0.885429 
1098 0.884086 
1099 0.882755 
1100 0.881435 
1101 0.880128 
1102 0.878834 
1103 0.877552 
1104 0.876281 
1105 0.875023 
1106 0.873775 
1107 0.872538 
1108 0.871311 
1109 0.870093 
1110 0.868885 
1111 0.867685 
1112 0.866494 
1113 0.865311 
1114 0.864135 
1115 0.862965 
1116 0.861803 
1117 0.860646 
1118 0.859495 
1119 0.858349 
1120 0.857207 
1121 0.856069 
1122 0.854935 
1123 0.853804 
1124 0.852676 
1125 0.851549 
1126 0.850425 
1127 0.849301 
1128 0.848177 
1129 0.847054 
1130 0.84593 
1131 0.844805 
1132 0.843679 
1133 0.84255 
1134 0.841419 
1135 0.840285 
1136 0.839147 
1137 0.838004 
1138 0.836857 
1139 0.835704 
1140 0.834546 
1141 0.833381 
1142 0.832209 
1143 0.831029 
1144 0.829841 
1145 0.828644 
1146 0.827437 
1147 0.826221 
1148 0.824994 
1149 0.823756 
1150 0.822506 
1151 0.821244 
1152 0.81997 
1153 0.818685 
1154 0.817388 
1155 0.816081 
1156 0.814764 
1157 0.813436 
1158 0.8121 
1159 0.810755 
1160 0.809401 
1161 0.80804 
1162 0.806671 
1163 0.805295 
1164 0.803913 
1165 0.802524 
1166 0.80113 
1167 0.799732 
1168 0.798328 
1169 0.796921 
1170 0.795509 
1171 0.794095 
1172 0.792678 
1173 0.79126 
1174 0.789839 
1175 0.788418 
1176 0.786996 
1177 0.785573 
1178 0.784152 
1179 0.782731 
1180 0.781312 
1181 0.779895 
1182 0.778481 
1183 0.77707 
1184 0.775662 
1185 0.774259 
1186 0.772861 
1187 0.771467 
1188 0.77008 
1189 0.768699 
1190 0.767325 
1191 0.765959 
1192 0.764601 
1193 0.763251 
1194 0.761911 
1195 0.760581 
1196 0.759261 
1197 0.757952 
1198 0.756655 
1199 0.75537 
1200 0.754098 
1201 0.752839 
1202 0.751593 
1203 0.750361 
1204 0.749143 
1205 0.747939 
1206 0.746748 
1207 0.745571 
1208 0.744408 
1209 0.74326 
1210 0.742125 
1211 0.741004 
1212 0.739898 
1213 0.738806 
1214 0.737729 
1215 0.736666 
1216 0.735618 
1217 0.734584 
1218 0.733565 
1219 0.732561 
1220 0.731572 
1221 0.730598 
1222 0.729639 
1223 0.728695 
1224 0.727767 
1225 0.726854 
1226 0.725956 
1227 0.725073 
1228 0.724206 
1229 0.723355 
1230 0.72252 
1231 0.7217 
1232 0.720896 
1233 0.720109 
1234 0.719337 
1235 0.718581 
1236 0.717842 
1237 0.717119 
1238 0.716412 
1239 0.715722 
1240 0.715048 
1241 0.714391 
1242 0.713751 
1243 0.713127 
1244 0.712521 
1245 0.711931 
1246 0.711358 
1247 0.710803 
1248 0.710264 
1249 0.709743 
1250 0.709239 
1251 0.708753 
1252 0.708283 
1253 0.707829 
1254 0.707389 
1255 0.706962 
1256 0.706549 
1257 0.706146 
1258 0.705755 
1259 0.705373 
1260 0.705 
1261 0.704634 
1262 0.704274 
1263 0.703921 
1264 0.703571 
1265 0.703226 
1266 0.702882 
1267 0.70254 
1268 0.702198 
1269 0.701855 
1270 0.701511 
1271 0.701163 
1272 0.700811 
1273 0.700454 
1274 0.700091 
1275 0.69972 
1276 0.699341 
1277 0.698953 
1278 0.698553 
1279 0.698142 
1280 0.697717 
1281 0.697278 
1282 0.696824 
1283 0.696354 
1284 0.695865 
1285 0.695358 
1286 0.69483 
1287 0.694282 
1288 0.69371 
1289 0.693115 
1290 0.692496 
1291 0.69185 
1292 0.691176 
1293 0.690474 
1294 0.689742 
1295 0.688979 
1296 0.688184 
1297 0.687355 
1298 0.68649 
1299 0.68559 
1300 0.684652 
1301 0.683676 
1302 0.682663 
1303 0.681613 
1304 0.680528 
1305 0.67941 
1306 0.67826 
1307 0.677079 
1308 0.675868 
1309 0.67463 
1310 0.673365 
1311 0.672074 
1312 0.67076 
1313 0.669423 
1314 0.668065 
1315 0.666687 
1316 0.665292 
1317 0.663879 
1318 0.662452 
1319 0.66101 
1320 0.659556 
1321 0.658091 
1322 0.656617 
1323 0.655135 
1324 0.653647 
1325 0.652154 
1326 0.650658 
1327 0.649159 
1328 0.647661 
1329 0.646164 
1330 0.64467 
1331 0.64318 
1332 0.641696 
1333 0.64022 
1334 0.638753 
1335 0.637298 
1336 0.635854 
1337 0.634425 
1338 0.633011 
1339 0.631615 
1340 0.630238 
1341 0.628882 
1342 0.627548 
1343 0.626238 
1344 0.624955 
1345 0.623698 
1346 0.622471 
1347 0.621275 
1348 0.620111 
1349 0.618982 
1350 0.617889 
1351 0.616834 
1352 0.615815 
1353 0.614832 
1354 0.613882 
1355 0.612966 
1356 0.61208 
1357 0.611225 
1358 0.610399 
1359 0.6096 
1360 0.608826 
1361 0.608078 
1362 0.607353 
1363 0.606649 
1364 0.605966 
1365 0.605303 
1366 0.604656 
1367 0.604026 
1368 0.603411 
1369 0.602809 
1370 0.602219 
1371 0.60164 
1372 0.601069 
1373 0.600506 
1374 0.599949 
1375 0.599396 
1376 0.598847 
1377 0.598298 
1378 0.59775 
1379 0.597201 
1380 0.596648 
1381 0.59609 
1382 0.595527 
1383 0.594955 
1384 0.594375 
1385 0.593783 
1386 0.593179 
1387 0.59256 
1388 0.591926 
1389 0.591275 
1390 0.590605 
1391 0.589914 
1392 0.589201 
1393 0.588463 
1394 0.587701 
1395 0.586911 
1396 0.586092 
1397 0.585242 
1398 0.584361 
1399 0.583445 
1400 0.582493 
1401 0.581505 
1402 0.580479 
1403 0.579419 
1404 0.578324 
1405 0.577196 
1406 0.576035 
1407 0.574843 
1408 0.573621 
1409 0.57237 
1410 0.571091 
1411 0.569785 
1412 0.568453 
1413 0.567096 
1414 0.565716 
1415 0.564313 
1416 0.562889 
1417 0.561445 
1418 0.559981 
1419 0.558499 
1420 0.557001 
1421 0.555486 
1422 0.553957 
1423 0.552415 
1424 0.550861 
1425 0.549295 
1426 0.547719 
1427 0.546135 
1428 0.544544 
1429 0.542946 
1430 0.541343 
1431 0.539736 
1432 0.538126 
1433 0.536516 
1434 0.534904 
1435 0.533295 
1436 0.531687 
1437 0.530083 
1438 0.528484 
1439 0.526891 
1440 0.525305 
1441 0.523729 
1442 0.522162 
1443 0.520606 
1444 0.519063 
1445 0.517534 
1446 0.516021 
1447 0.514524 
1448 0.513044 
1449 0.511584 
1450 0.510145 
1451 0.508728 
1452 0.507332 
1453 0.505958 
1454 0.504606 
1455 0.503275 
1456 0.501966 
1457 0.500679 
1458 0.499412 
1459 0.498167 
1460 0.496944 
1461 0.495741 
1462 0.494559 
1463 0.493398 
1464 0.492258 
1465 0.491139 
1466 0.49004 
1467 0.488962 
1468 0.487904 
1469 0.486866 
1470 0.485849 
1471 0.484852 
1472 0.483875 
1473 0.482917 
1474 0.48198 
1475 0.481062 
1476 0.480163 
1477 0.479284 
1478 0.478425 
1479 0.477584 
1480 0.476763 
1481 0.475961 
1482 0.475178 
1483 0.474413 
1484 0.473668 
1485 0.47294 
1486 0.472231 
1487 0.471541 
1488 0.470869 
1489 0.470214 
1490 0.469578 
1491 0.46896 
1492 0.468359 
1493 0.467776 
1494 0.46721 
1495 0.466662 
1496 0.466131 
1497 0.465617 
1498 0.46512 
1499 0.46464 
1500 0.464177 
1501 0.46373 
1502 0.463298 
1503 0.462882 
1504 0.46248 
1505 0.46209 
1506 0.461714 
1507 0.461348 
1508 0.460993 
1509 0.460648 
1510 0.460312 
1511 0.459984 
1512 0.459663 
1513 0.459348 
1514 0.459038 
1515 0.458733 
1516 0.458431 
1517 0.458132 
1518 0.457834 
1519 0.457537 
1520 0.45724 
1521 0.456942 
1522 0.456642 
1523 0.456339 
1524 0.456031 
1525 0.455719 
1526 0.455401 
1527 0.455077 
1528 0.454744 
1529 0.454403 
1530 0.454052 
1531 0.45369 
1532 0.453317 
1533 0.452931 
1534 0.452531 
1535 0.452116 
1536 0.451686 
1537 0.45124 
1538 0.450775 
1539 0.450292 
1540 0.449789 
1541 0.449265 
1542 0.448719 
1543 0.448151 
1544 0.447559 
1545 0.446941 
1546 0.446298 
1547 0.445628 
1548 0.444929 
1549 0.444201 
1550 0.443443 
1551 0.442654 
1552 0.441835 
1553 0.440987 
1554 0.440111 
1555 0.439209 
1556 0.438282 
1557 0.437331 
1558 0.436357 
1559 0.435362 
1560 0.434347 
1561 0.433313 
1562 0.432262 
1563 0.431194 
1564 0.430112 
1565 0.429016 
1566 0.427908 
1567 0.426789 
1568 0.425661 
1569 0.424524 
1570 0.423381 
1571 0.422232 
1572 0.421079 
1573 0.419923 
1574 0.418766 
1575 0.417609 
1576 0.416454 
1577 0.415301 
1578 0.414153 
1579 0.413011 
1580 0.411875 
1581 0.410748 
1582 0.409632 
1583 0.408526 
1584 0.407434 
1585 0.406355 
1586 0.405293 
1587 0.404248 
1588 0.403222 
1589 0.402216 
1590 0.401231 
1591 0.40027 
1592 0.399334 
1593 0.398424 
1594 0.397542 
1595 0.396689 
1596 0.395868 
1597 0.395078 
1598 0.394323 
1599 0.393603 
1600 0.39292 
1601 0.392276 
1602 0.391669 
1603 0.3911 
1604 0.390565 
1605 0.390066 
1606 0.389601 
1607 0.389168 
1608 0.388768 
1609 0.388398 
1610 0.388058 
1611 0.387748 
1612 0.387464 
1613 0.387208 
1614 0.386978 
1615 0.386772 
1616 0.386591 
1617 0.386432 
1618 0.386294 
1619 0.386177 
1620 0.38608 
1621 0.386002 
1622 0.385941 
1623 0.385896 
1624 0.385866 
1625 0.385851 
1626 0.385849 
1627 0.385859 
1628 0.38588 
1629 0.38591 
1630 0.38595 
1631 0.385997 
1632 0.38605 
1633 0.386109 
1634 0.386172 
1635 0.386238 
1636 0.386306 
1637 0.386375 
1638 0.386443 
1639 0.38651 
1640 0.386574 
1641 0.386635 
1642 0.38669 
1643 0.386739 
1644 0.386781 
1645 0.386814 
1646 0.386837 
1647 0.386849 
1648 0.386849 
1649 0.386835 
1650 0.386807 
1651 0.386763 
1652 0.386703 
1653 0.386626 
1654 0.386533 
1655 0.386423 
1656 0.386295 
1657 0.386151 
1658 0.385988 
1659 0.385808 
1660 0.38561 
1661 0.385393 
1662 0.385158 
1663 0.384904 
1664 0.38463 
1665 0.384338 
1666 0.384025 
1667 0.383693 
1668 0.38334 
1669 0.382967 
1670 0.382574 
1671 0.382159 
1672 0.381724 
1673 0.381266 
1674 0.380788 
1675 0.380287 
1676 0.379764 
1677 0.379218 
1678 0.378649 
1679 0.378058 
1680 0.377443 
1681 0.376804 
1682 0.376142 
1683 0.375456 
1684 0.374745 
1685 0.374009 
1686 0.373249 
1687 0.372463 
1688 0.371651 
1689 0.370814 
1690 0.369951 
1691 0.369062 
1692 0.368145 
1693 0.367202 
1694 0.366232 
1695 0.365234 
1696 0.364209 
1697 0.363155 
1698 0.362073 
1699 0.360962 
1700 0.359823 
1701 0.358654 
1702 0.357458 
1703 0.356235 
1704 0.354988 
1705 0.353717 
1706 0.352424 
1707 0.351111 
1708 0.349779 
1709 0.348429 
1710 0.347064 
1711 0.345684 
1712 0.344291 
1713 0.342886 
1714 0.341472 
1715 0.34005 
1716 0.33862 
1717 0.337186 
1718 0.335748 
1719 0.334308 
1720 0.332867 
1721 0.331427 
1722 0.32999 
1723 0.328557 
1724 0.327131 
1725 0.325711 
1726 0.324301 
1727 0.322901 
1728 0.321514 
1729 0.320141 
1730 0.318783 
1731 0.317443 
1732 0.316121 
1733 0.314821 
1734 0.313542 
1735 0.312288 
1736 0.31106 
1737 0.309858 
1738 0.308686 
1739 0.307545 
1740 0.306436 
1741 0.305362 
1742 0.304323 
1743 0.303323 
1744 0.302362 
1745 0.301442 
1746 0.300565 
1747 0.299733 
1748 0.298948 
1749 0.298211 
1750 0.297525 
1751 0.29689 
1752 0.296305 
1753 0.295768 
1754 0.295279 
1755 0.294834 
1756 0.294433 
1757 0.294073 
1758 0.293752 
1759 0.29347 
1760 0.293223 
1761 0.29301 
1762 0.29283 
1763 0.29268 
1764 0.292559 
1765 0.292465 
1766 0.292395 
1767 0.292349 
1768 0.292323 
1769 0.292317 
1770 0.292328 
1771 0.292354 
1772 0.292394 
1773 0.292446 
1774 0.292507 
1775 0.292575 
1776 0.292649 
1777 0.292727 
1778 0.292807 
1779 0.292886 
1780 0.292964 
1781 0.293036 
1782 0.293103 
1783 0.293161 
1784 0.293209 
1785 0.293245 
1786 0.293266 
1787 0.293271 
1788 0.293257 
1789 0.293222 
1790 0.293165 
1791 0.293083 
1792 0.292974 
1793 0.292836 
1794 0.292667 
1795 0.292464 
1796 0.292226 
1797 0.291951 
1798 0.291636 
1799 0.291279 
1800 0.290877 
1801 0.290431 
1802 0.289939 
1803 0.289404 
1804 0.288826 
1805 0.288208 
1806 0.28755 
1807 0.286855 
1808 0.286123 
1809 0.285356 
1810 0.284555 
1811 0.283722 
1812 0.282858 
1813 0.281965 
1814 0.281043 
1815 0.280096 
1816 0.279123 
1817 0.278126 
1818 0.277108 
1819 0.276069 
1820 0.275011 
1821 0.273935 
1822 0.272843 
1823 0.271737 
1824 0.270617 
1825 0.269486 
1826 0.268345 
1827 0.267195 
1828 0.266039 
1829 0.264877 
1830 0.263711 
1831 0.262543 
1832 0.261374 
1833 0.260207 
1834 0.259041 
1835 0.25788 
1836 0.256724 
1837 0.255576 
1838 0.254436 
1839 0.253307 
1840 0.25219 
1841 0.251087 
1842 0.249999 
1843 0.248928 
1844 0.247876 
1845 0.246844 
1846 0.245835 
1847 0.244849 
1848 0.243888 
1849 0.242954 
1850 0.24205 
1851 0.241175 
1852 0.24033 
1853 0.239514 
1854 0.238727 
1855 0.237968 
1856 0.237236 
1857 0.23653 
1858 0.23585 
1859 0.235196 
1860 0.234566 
1861 0.233959 
1862 0.233376 
1863 0.232816 
1864 0.232277 
1865 0.231759 
1866 0.231262 
1867 0.230784 
1868 0.230326 
1869 0.229886 
1870 0.229463 
1871 0.229057 
1872 0.228668 
1873 0.228294 
1874 0.227934 
1875 0.227589 
1876 0.227257 
1877 0.226938 
1878 0.22663 
1879 0.226334 
1880 0.226048 
1881 0.225771 
1882 0.225504 
1883 0.225245 
1884 0.224993 
1885 0.224747 
1886 0.224508 
1887 0.224273 
1888 0.224043 
1889 0.223817 
1890 0.223593 
1891 0.223372 
1892 0.223151 
1893 0.222932 
1894 0.222711 
1895 0.22249 
1896 0.222267 
1897 0.222041 
1898 0.221812 
1899 0.221578 
1900 0.22134 
1901 0.221096 
1902 0.220846 
1903 0.22059 
1904 0.22033 
1905 0.220065 
1906 0.219796 
1907 0.219522 
1908 0.219244 
1909 0.218963 
1910 0.218678 
1911 0.218391 
1912 0.2181 
1913 0.217808 
1914 0.217513 
1915 0.217216 
1916 0.216917 
1917 0.216618 
1918 0.216317 
1919 0.216015 
1920 0.215714 
1921 0.215412 
1922 0.21511 
1923 0.214809 
1924 0.214509 
1925 0.21421 
1926 0.213912 
1927 0.213616 
1928 0.213322 
1929 0.213031 
1930 0.212742 
1931 0.212456 
1932 0.212173 
1933 0.211895 
1934 0.21162 
1935 0.211349 
1936 0.211083 
1937 0.210822 
1938 0.210566 
1939 0.210316 
1940 0.210072 
1941 0.209833 
1942 0.209602 
1943 0.209377 
1944 0.209159 
1945 0.20895 
1946 0.208747 
1947 0.208554 
1948 0.208368 
1949 0.208192 
1950 0.208025 
1951 0.207867 
1952 0.207718 
1953 0.207579 
1954 0.207449 
1955 0.207328 
1956 0.207215 
1957 0.207111 
1958 0.207016 
1959 0.206928 
1960 0.206849 
1961 0.206777 
1962 0.206713 
1963 0.206656 
1964 0.206606 
1965 0.206564 
1966 0.206528 
1967 0.206499 
1968 0.206477 
1969 0.206461 
1970 0.206451 
1971 0.206447 
1972 0.206448 
1973 0.206456 
1974 0.206468 
1975 0.206486 
1976 0.206509 
1977 0.206536 
1978 0.206568 
1979 0.206605 
1980 0.206645 
1981 0.20669 
1982 0.206738 
1983 0.20679 
1984 0.206846 
1985 0.206904 
1986 0.206966 
1987 0.20703 
1988 0.207097 
1989 0.207166 
1990 0.207238 
1991 0.207311 
1992 0.207387 
1993 0.207463 
1994 0.207541 
1995 0.20762 
1996 0.207701 
1997 0.207781 
1998 0.207863 
1999 0.207944 
2000 0.208026 
